source	id	datetime	daylength[h]	solar_radiation[Wm-2]	sw_radiation_above_canopy_in[Wm-2]	sw_radiation_above_canopy_out[Wm-2]	lw_radiation_above_canopy_in[Wm-2]	lw_radiation_above_canopy_out[Wm-2]	latent_heat_out_top[Wm-2]	latent_heat_out_bottom[Wm-2]	sensible_heat_out_top[Wm-2]	sensible_heat_out_bottom[Wm-2]	energy[Jm-2]	temp_above_canopy_avg[oC]	temp_above_canopy_min[oC]	temp_above_canopy_max[oC]	temp_canopy_top[oC]	temp_canopy_middle[oC]	temp_canopy_bottom[oC]	temp_surfacewater[oC]	temp_soil_surface[oC]	temp_5cm[oC]	temp_10cm[oC]	temp_15cm[oC]	temp_20cm[oC]	temp_30cm[oC]	temp_50cm[oC]	temp_100cm[oC]	vpd[mbar]
setup	0	2023-04-20 23:00:00	11.9584	418.279	195.715	11.6514	285.731	0	5.70298	0	0	0	0	4.74658	2.84795	6.64521	9.55082	9.65792	9.80312	-99.99	9.80641	5.52616	5.94187	6.45022	6.72615	7.2351	7.7608	7.99301	0.224357
setup	0	2023-04-21 23:00:00	11.957	417.411	195.634	11.6414	284.957	0	5.47756	0	0	0	0	4.58429	2.75058	6.41801	4.58434	4.60507	4.65127	-99.99	4.65272	4.98777	5.2474	5.62153	5.85769	6.38645	7.1773	7.9039	0.107743
setup	0	2023-04-22 23:00:00	11.9556	416.536	195.546	11.6306	284.19	0	20.2318	0	0	0	0	4.42302	2.65381	6.19222	4.42306	4.44	4.47774	-99.99	4.47893	4.7543	4.97022	5.28886	5.49431	5.97002	6.74957	7.72904	0.102715
setup	0	2023-04-23 23:00:00	11.9542	415.655	195.453	11.6198	283.43	0	19.4697	0	0	0	0	4.2628	2.55768	5.96792	4.26284	4.27867	4.31394	-99.99	4.31505	4.57217	4.77234	5.06362	5.25092	5.69005	6.43983	7.53647	0.0980602
setup	0	2023-04-24 23:00:00	11.9529	414.768	195.353	11.6091	282.677	0	18.714	0	0	0	0	4.1037	2.46222	5.74517	4.10373	4.11888	4.15261	-99.99	4.15367	4.39833	4.58858	4.86565	5.04403	5.46401	6.19421	7.35236	0.0935502
setup	0	2023-04-25 23:00:00	11.9515	413.876	195.248	11.5986	281.931	0	17.9651	0	0	0	0	3.94574	2.36745	5.52404	3.94578	3.96046	3.99315	-99.99	3.99418	4.23129	4.41565	4.68424	4.85732	5.26587	5.98404	7.18129	0.0891653
setup	0	2023-04-26 23:00:00	11.9501	412.981	195.138	11.5882	281.193	0	17.2232	0	0	0	0	3.78899	2.27339	5.30459	3.78903	3.80342	3.83547	-99.99	3.83647	4.06891	4.24966	4.51311	4.68301	5.08478	5.79606	7.02201	0.0848984
setup	0	2023-04-27 23:00:00	11.9488	412.081	195.022	11.5783	280.462	0	16.4885	0	0	0	0	3.63349	2.18009	5.08688	3.63352	3.64773	3.67939	-99.99	3.68038	3.90995	4.08851	4.34889	4.51692	4.91481	5.62283	6.87243	0.0807419
setup	0	2023-04-28 23:00:00	11.9475	411.18	194.902	11.5688	279.74	0	15.7612	0	0	0	0	3.47928	2.08757	4.87099	3.47931	3.49342	3.52484	-99.99	3.52582	3.75371	3.931	4.18965	4.35667	4.75262	5.45993	6.73061	0.0766911
setup	0	2023-04-29 23:00:00	11.9462	410.277	194.777	11.5599	279.025	0	15.0416	0	0	0	0	3.32641	1.99584	4.65697	3.32644	3.34049	3.37179	-99.99	3.37277	3.59976	3.77642	4.03426	4.20084	4.59616	5.30459	6.59498	0.0727424
setup	0	2023-04-30 23:00:00	11.9449	409.373	194.648	11.5518	278.318	0	14.3299	0	0	0	0	3.17492	1.90495	4.44489	3.17495	3.18874	3.21945	-99.99	3.22041	3.44435	3.61882	3.8749	4.04146	4.43921	5.15367	6.46432	0.0688699
setup	0	2023-05-01 23:00:00	11.9436	408.469	194.515	11.5446	277.62	0	13.6263	0	0	0	0	3.02487	1.81492	4.23481	3.0249	3.03881	3.06979	-99.99	3.07076	3.29583	3.47196	3.72903	3.89529	4.2913	5.00678	6.33727	0.065129
setup	0	2023-05-02 23:00:00	11.9423	407.565	194.378	11.5384	276.93	0	12.9311	0	0	0	0	2.87629	1.72577	4.0268	2.87632	2.89027	2.92134	-99.99	2.92231	3.14804	3.32423	3.58189	3.7487	4.14614	4.86507	6.21347	0.0614747
setup	0	2023-05-03 23:00:00	11.941	406.663	194.238	11.5335	276.249	0	12.2444	0	0	0	0	2.72922	1.63753	3.82091	2.72925	2.74329	2.77456	-99.99	2.77555	3.00251	3.17933	3.43775	3.60505	4.00385	4.72666	6.09258	0.0579176
setup	0	2023-05-04 23:00:00	11.9398	405.763	194.095	11.5299	275.576	0	11.5665	0	0	0	0	2.58372	1.55023	3.61721	2.58375	2.59784	2.62922	-99.99	2.6302	2.85797	3.03546	3.29495	3.46299	3.86371	4.59105	5.97417	0.0544481
setup	0	2023-05-05 23:00:00	11.9386	404.867	193.949	11.5279	274.913	0	10.8977	0	0	0	0	2.43983	1.4639	3.41576	2.43986	2.45399	2.48547	-99.99	2.48646	2.71505	2.89324	3.15386	3.32271	3.72553	4.45774	5.85786	0.0510688
setup	0	2023-05-06 23:00:00	11.9373	403.974	193.8	11.5278	274.258	0	10.2381	0	0	0	0	2.29758	1.37855	3.21661	2.29761	2.3116	2.34276	-99.99	2.34374	2.57199	2.75161	3.01463	3.18519	3.59288	4.3311	5.74309	0.047761
setup	0	2023-05-07 23:00:00	11.9361	403.086	193.649	11.5296	273.613	0	9.58804	0	0	0	0	2.15702	1.29421	3.01983	2.15705	2.17116	2.2026	-99.99	2.20358	2.43251	2.6144	2.88013	3.05238	3.46315	4.20557	5.62924	0.0445641
setup	0	2023-05-08 23:00:00	11.935	402.203	193.497	11.5337	272.977	0	8.94764	0	0	0	0	2.01819	1.21091	2.82547	2.01822	2.03251	2.06433	-99.99	2.06533	2.29655	2.47899	2.74601	2.9191	3.33218	4.08007	5.51868	0.0414579
setup	0	2023-05-09 23:00:00	11.9338	401.327	193.343	11.5404	272.35	0	8.31716	0	0	0	0	1.88114	1.12868	2.63359	1.88117	1.89556	1.92762	-99.99	1.92862	2.16155	2.34469	2.61279	2.78665	3.20193	3.95524	5.40991	0.0384309
setup	0	2023-05-10 23:00:00	11.9326	400.457	193.187	11.5497	271.734	0	7.69683	0	0	0	0	1.74589	1.04754	2.44425	1.74592	1.76038	1.7926	-99.99	1.79361	2.02769	2.21153	2.4807	2.6553	3.07262	3.83141	5.30218	0.0354842
setup	0	2023-05-11 23:00:00	11.9315	399.596	193.031	11.5622	271.126	0	7.08689	0	0	0	0	1.61251	0.967503	2.25751	1.61253	1.62705	1.65938	-99.99	1.66039	1.8954	2.07987	2.35005	2.52537	2.94468	3.70873	5.19528	0.0326186
setup	0	2023-05-12 23:00:00	11.9304	398.742	192.873	11.578	270.529	0	6.48757	0	0	0	0	1.48101	0.888606	2.07341	1.48104	1.4956	1.52802	-99.99	1.52904	1.76482	1.94986	2.22098	2.39699	2.81826	3.5873	5.08914	0.0298332
setup	0	2023-05-13 23:00:00	11.9293	397.899	192.716	11.5975	269.942	0	5.89911	0	0	0	0	1.35145	0.810868	1.89202	1.35147	1.36587	1.39794	-99.99	1.39894	1.63476	1.82164	2.09491	2.27141	2.69441	3.46831	4.98361	0.0271113
setup	0	2023-05-14 23:00:00	11.9282	397.065	192.558	11.621	269.364	0	5.32179	0	0	0	0	1.22385	0.734311	1.71339	1.22388	1.23841	1.27079	-99.99	1.2718	1.50766	1.69419	1.96771	2.14553	2.57182	3.35095	4.87872	0.0244915
setup	0	2023-05-15 23:00:00	11.9272	396.241	192.401	11.6489	268.797	0	4.75586	0	0	0	0	1.09827	0.65896	1.53757	1.09829	1.1129	1.14544	-99.99	1.14647	1.38329	1.57023	1.84457	2.02295	2.45071	3.2338	4.77504	0.0219439
setup	0	2023-05-16 23:00:00	11.9261	395.429	192.244	11.6815	268.24	0	4.20161	0	0	0	0	0.974725	0.584835	1.36462	0.974751	0.989417	1.02208	-99.99	1.02311	1.26083	1.4481	1.723	1.90181	2.3309	3.11782	4.67215	0.0194705
setup	0	2023-05-17 23:00:00	11.9251	394.63	192.088	11.7193	267.694	0	3.65938	0	0	0	0	0.853266	0.51196	1.19457	0.853291	0.867992	0.900737	-99.99	0.901765	1.1401	1.32766	1.60308	1.78228	2.21258	3.00311	4.56992	0.01707
setup	0	2023-05-18 23:00:00	11.9241	393.843	191.932	11.7628	267.158	0	3.12951	0	0	0	0	0.733925	0.440355	1.02749	0.733949	0.748673	0.781468	-99.99	0.782497	1.02124	1.20906	1.48491	1.66446	2.09588	2.88973	4.46831	0.0147418
setup	0	2023-05-19 23:00:00	11.9232	393.07	191.779	11.8123	266.633	0	2.61244	0	0	0	0	0.616736	0.370042	0.863431	0.61676	0.631138	0.663163	-99.99	0.664168	0.899906	1.0888	1.36596	1.54641	1.97984	2.77747	4.36732	0.0124575
setup	0	2023-05-20 23:00:00	11.9222	392.311	191.627	11.8683	266.118	0	2.1087	0	0	0	0	0.501736	0.301042	0.70243	0.501759	0.516366	0.548902	-99.99	0.549923	0.78697	0.97539	1.25236	1.43283	1.86677	2.66691	4.26677	0.010288
setup	0	2023-05-21 23:00:00	11.9213	391.566	191.477	11.9314	265.615	0	1.61901	0	0	0	0	0.388957	0.233374	0.54454	0.38898	0.403652	0.436331	-99.99	0.437357	0.675413	0.863809	1.14077	1.32134	1.7559	2.55797	4.16695	0.00817535
setup	0	2023-05-22 23:00:00	11.9204	390.838	191.329	12.0021	265.122	0	1.14439	0	0	0	0	0.278434	0.16706	0.389808	0.278456	0.293026	0.325479	-99.99	0.326497	0.564875	0.753882	1.03131	1.21223	1.64781	2.45141	4.06765	0.00611863
setup	0	2023-05-23 23:00:00	11.9195	390.125	191.183	12.0809	264.64	0	0.686649	0	0	0	0	0.170199	0.102119	0.238279	0.17022	0.184739	0.217077	-99.99	0.218092	0.455063	0.64395	0.921652	1.10281	1.53942	2.34715	3.96957	0.00413292
setup	0	2023-05-24 23:00:00	11.9186	389.429	191.041	12.1684	264.17	0	0.25	0	0	0	0	0.0642839	0.0385703	0.0899975	0.0643045	0.0789257	0.111493	-99.99	0.112515	0.350052	0.538561	0.816022	0.997168	1.43402	2.24326	3.87295	0.00222462
setup	0	2023-05-25 23:00:00	11.9178	388.751	190.901	12.2651	263.673	0	0	0	0	0	0	-0.0392796	-0.0549915	-0.0235678	-0.0392551	-0.021698	0.0174088	-99.99	0.018636	0.495237	0.633885	0.852336	1.00288	1.38759	2.15383	3.77726	0.00220934
setup	0	2023-05-26 23:00:00	11.917	388.09	190.764	12.3717	263.131	0	0	0	0	0	0	-0.140461	-0.196645	-0.0842766	-0.140424	-0.11418	-0.0557243	-99.99	-0.0538898	0.581878	0.722719	0.934052	1.075	1.42669	2.1251	3.68867	0.00495437
setup	0	2023-05-27 23:00:00	11.9162	387.448	190.632	12.4888	262.604	0	0	0	0	0	0	-0.23923	-0.334922	-0.143538	-0.239186	-0.208395	-0.139812	0.371969	-0.13766	0.581868	0.722052	0.932651	1.07287	1.42067	2.10105	3.61461	0.00723668
setup	0	2023-05-28 23:00:00	11.9154	386.825	190.502	12.6168	262.09	0	0	0	0	0	0	-0.335558	-0.469781	-0.201335	-0.335509	-0.301922	-0.227108	0.30983	-0.224761	0.548465	0.693456	0.908725	1.05065	1.39881	2.07002	3.54944	0.00929326
setup	0	2023-05-29 23:00:00	11.9147	386.222	190.377	12.7565	261.592	0	0	0	0	0	0	-0.429415	-0.601182	-0.257649	-0.429365	-0.394563	-0.317044	0.237244	-0.314611	0.485714	0.634876	0.855595	1.00056	1.35412	2.02771	3.48826	0.0111434
setup	0	2023-05-30 23:00:00	11.914	385.638	190.256	13.0722	261.108	0	0	0	0	0	0	-0.520775	-0.729085	-0.312465	-0.520708	-0.474239	-0.370733	0.626573	-0.367485	0.669106	0.769631	0.933886	1.05013	1.35545	1.9889	3.42786	0.0137593
setup	0	2023-05-31 23:00:00	11.9133	385.076	190.14	13.2357	260.638	0	0	0	0	0	0	-0.60961	-0.853454	-0.365766	-0.609517	-0.54503	-0.40139	0.730515	-0.396882	0.875197	0.965098	1.10606	1.20386	1.46017	2.01047	3.37303	0.016797
setup	0	2023-06-01 23:00:00	11.9127	384.534	190.028	13.4118	260.183	0	0	0	0	0	0	-0.695894	-0.974251	-0.417536	-0.695789	-0.623118	-0.461248	0.767508	-0.456168	0.952009	1.04549	1.18843	1.28545	1.53329	2.04942	3.33336	0.0189685
setup	0	2023-06-02 23:00:00	11.912	384.014	189.921	13.6008	259.743	0	0	0	0	0	0	-0.779601	-1.09144	-0.467761	-0.779488	-0.701414	-0.527512	0.774162	-0.522055	0.981777	1.07904	1.22599	1.32457	1.57255	2.07618	3.3049	0.0208449
setup	0	2023-06-03 23:00:00	11.9114	383.515	189.819	13.8027	259.318	0	0	0	0	0	0	-0.860706	-1.20499	-0.516424	-0.860587	-0.778522	-0.595729	0.763465	-0.589993	0.986539	1.08713	1.23806	1.33862	1.58916	2.08891	3.28097	0.0225398
setup	0	2023-06-04 23:00:00	11.9109	383.04	189.722	14.0177	258.907	0	0	0	0	0	0	-0.939186	-1.31486	-0.563512	-0.939062	-0.853894	-0.664189	0.741685	-0.658236	0.97582	1.07925	1.23379	1.33631	1.59009	2.08981	3.25767	0.0240979
setup	0	2023-06-05 23:00:00	11.9103	382.586	189.63	14.2455	258.511	0	0	0	0	0	0	-1.01502	-1.42102	-0.60901	-1.01489	-0.927242	-0.732016	0.712391	-0.72589	0.954718	1.06057	1.2183	1.32261	1.5797	2.08122	3.23314	0.0255427
setup	0	2023-06-06 23:00:00	11.9098	382.156	189.545	14.4858	258.13	0	0	0	0	0	0	-1.08818	-1.52345	-0.652906	-1.08804	-0.996331	-0.792051	0.775802	-0.785641	0.981024	1.07797	1.22553	1.32478	1.5736	2.06805	3.20662	0.0270471
setup	0	2023-06-07 23:00:00	11.9093	381.75	189.465	14.7379	257.764	0	0	0	0	0	0	-1.15864	-1.6221	-0.695186	-1.1585	-1.06114	-0.844268	0.778416	-0.837462	1.00705	1.10296	1.24732	1.34373	1.58433	2.06318	3.17925	0.0286121
setup	0	2023-06-08 23:00:00	11.9089	381.367	189.39	15.0009	257.412	0	0	0	0	0	0	-1.2264	-1.71695	-0.735837	-1.22625	-1.12569	-0.901696	0.764655	-0.894667	1.0047	1.10222	1.24815	1.34508	1.58532	2.05837	3.15313	0.029928
setup	0	2023-06-09 23:00:00	11.9085	381.009	189.322	15.2737	257.075	0	0	0	0	0	0	-1.29141	-1.80798	-0.774848	-1.29126	-1.18834	-0.959093	0.742571	-0.951899	0.990105	1.08921	1.23706	1.33496	1.57651	2.04823	3.12761	0.0311219
setup	0	2023-06-10 23:00:00	11.9081	380.674	189.26	15.5547	256.753	0	0	0	0	0	0	-1.35368	-1.89515	-0.812208	-1.35353	-1.24875	-1.01537	0.715354	-1.00805	0.96826	1.06877	1.21842	1.31731	1.56058	2.03273	3.10147	0.0322213
setup	0	2023-06-11 23:00:00	11.9077	380.365	189.205	15.8422	256.446	0	0	0	0	0	0	-1.41317	-1.97844	-0.847904	-1.41302	-1.30676	-1.07007	0.684722	-1.06264	0.941596	1.04331	1.19456	1.29437	1.53936	2.01268	3.07402	0.0332385
setup	0	2023-06-12 23:00:00	11.9074	380.08	189.155	16.134	256.154	0	0	0	0	0	0	-1.46988	-2.05783	-0.881927	-1.46972	-1.36227	-1.12293	0.651758	-1.11542	0.911565	1.0143	1.16692	1.26754	1.51413	1.98888	3.04503	0.0341808
setup	0	2023-06-13 23:00:00	11.907	379.821	189.112	16.4276	255.877	0	0	0	0	0	0	-1.52378	-2.13329	-0.914265	-1.52362	-1.41522	-1.17378	0.617216	-1.1662	0.879142	0.98272	1.1365	1.23781	1.48582	1.96201	3.01443	0.0350533
setup	0	2023-06-14 23:00:00	11.9068	379.587	189.076	16.7201	255.615	0	0	0	0	0	0	-1.57485	-2.20479	-0.944911	-1.57469	-1.46556	-1.22248	0.581656	-1.21485	0.845031	0.949298	1.10404	1.20592	1.45514	1.93266	2.98231	0.0358601
setup	0	2023-06-15 23:00:00	11.9065	379.378	189.047	17.0085	255.367	0	0	0	0	0	0	-1.62309	-2.27233	-0.973854	-1.62293	-1.51155	-1.26349	0.78703	-1.2557	0.949037	1.0258	1.14822	1.2335	1.45457	1.90869	2.94888	0.0367181
setup	0	2023-06-16 23:00:00	11.9063	379.196	189.024	17.2893	255.135	0	0	0	0	0	0	-1.66848	-2.33587	-1.00109	-1.6683	-1.54424	-1.26792	0.870596	-1.25925	1.07205	1.14083	1.24811	1.3221	1.51425	1.92056	2.91789	0.0383156
setup	0	2023-06-17 23:00:00	11.9061	379.038	189.008	17.559	254.917	0	0	0	0	0	0	-1.711	-2.3954	-1.0266	-1.71081	-1.58093	-1.29162	1.04173	-1.28255	1.20966	1.26287	1.35012	1.41252	1.58024	1.94929	2.89523	0.0393423
setup	0	2023-06-18 23:00:00	11.906	378.907	188.999	17.814	254.715	0	0	0	0	0	0	-1.75065	-2.4509	-1.05039	-1.75044	-1.61035	-1.29832	1.13882	-1.28853	1.33549	1.38445	1.46274	1.51798	1.66571	1.99519	2.88121	0.0406575
setup	0	2023-06-19 23:00:00	11.9059	378.802	188.997	18.087	254.527	0	0	0	0	0	0	-1.7874	-2.50236	-1.07244	-1.78719	-1.64008	-1.31243	1.25484	-1.30214	1.44656	1.48933	1.55893	1.60862	1.74282	2.04528	2.87566	0.0416838
setup	0	2023-06-20 23:00:00	11.9058	378.723	189.002	18.2925	254.355	0	0	0	0	0	0	-1.82126	-2.54976	-1.09275	-1.82103	-1.66672	-1.323	1.33262	-1.31222	1.54153	1.58268	1.64839	1.69472	1.81874	2.09754	2.87633	0.0426839
setup	0	2023-06-21 23:00:00	11.9057	378.67	189.013	18.4734	254.197	0	0	0	0	0	0	-1.8522	-2.59308	-1.11132	-1.85197	-1.69176	-1.33492	1.39387	-1.32372	1.61313	1.65401	1.71852	1.76354	1.8827	2.14666	2.88152	0.0435423
setup	0	2023-06-22 23:00:00	11.9057	378.643	189.032	18.6267	254.054	0	0	0	0	0	0	-1.88023	-2.63232	-1.12814	-1.87999	-1.71495	-1.34736	1.44389	-1.33583	1.67137	1.71221	1.77613	1.82041	1.9365	2.19016	2.88916	0.0442782
setup	0	2023-06-23 23:00:00	11.9057	378.643	189.058	18.7499	253.927	0	0	0	0	0	0	-1.90532	-2.66745	-1.14319	-1.90508	-1.73606	-1.35959	1.48557	-1.34778	1.71991	1.76084	1.82444	1.86825	1.98222	2.22822	2.89766	0.0449096
setup	0	2023-06-24 23:00:00	11.9057	378.668	189.091	18.8409	253.814	0	0	0	0	0	0	-1.92749	-2.69848	-1.15649	-1.92724	-1.75557	-1.3732	1.5805	-1.3612	1.79371	1.82793	1.88344	1.92288	2.02851	2.26299	2.9061	0.0453933
setup	0	2023-06-25 23:00:00	11.9058	378.719	189.13	18.8982	253.716	0	0	0	0	0	0	-1.94671	-2.72539	-1.16802	-1.93943	-1.64898	-1.37305	1.66071	-1.36579	1.87925	1.90924	1.95807	1.99297	2.0876	2.3032	2.91478	0.0459719
setup	0	2023-06-26 23:00:00	11.9059	378.797	189.177	18.9207	253.634	0	0	0	0	0	0	-1.96298	-2.74817	-1.17779	-1.95554	-1.65841	-1.37614	1.73618	-1.36871	1.95732	1.98446	2.02879	2.0606	2.14728	2.34686	2.92514	0.0464824
setup	0	2023-06-27 23:00:00	11.906	378.9	189.23	18.926	253.566	0	0	0	0	0	0	-1.9763	-2.76682	-1.18578	-1.9687	-1.66509	-1.37666	1.79417	-1.36907	2.02356	2.04988	2.0923	2.12244	2.20393	2.39077	2.93738	0.0469467
setup	0	2023-06-28 23:00:00	11.9062	379.029	189.29	18.932	253.514	0	0	0	0	0	0	-1.98667	-2.78134	-1.192	-1.97892	-1.66947	-1.3755	1.8438	-1.36776	2.07827	2.10432	2.1459	2.17522	2.25382	2.43195	2.9509	0.0473431
setup	0	2023-06-29 23:00:00	11.9064	379.183	189.357	18.9387	253.476	0	0	0	0	0	0	-1.99407	-2.7917	-1.19644	-1.9862	-1.67165	-1.37283	1.88738	-1.36496	2.12583	2.1517	2.19272	2.22146	2.29796	2.46948	2.96482	0.0476676
setup	0	2023-06-30 23:00:00	11.9066	379.363	189.43	18.946	253.453	0	0	0	0	0	0	-1.99852	-2.79793	-1.19911	-1.99053	-1.67167	-1.36875	1.92615	-1.36078	2.16792	2.19367	2.23425	2.26255	2.33738	2.50354	2.97849	0.0479181
setup	0	2023-07-01 23:00:00	11.9068	379.568	189.51	18.954	253.446	0	0	0	0	0	0	-2	-2.8	-1.2	-1.99193	-1.6695	-1.3632	1.96096	-1.35514	2.20555	2.2312	2.27142	2.29935	2.3728	2.53444	2.99152	0.0480967
setup	0	2023-07-02 23:00:00	11.9071	379.799	189.596	18.9626	253.453	0	0	0	0	0	0	-1.99852	-2.79793	-1.19911	-1.99037	-1.66506	-1.35602	1.99241	-1.34789	2.23941	2.26497	2.30489	2.3325	2.40476	2.56249	3.00372	0.0482066
setup	0	2023-07-03 23:00:00	11.9074	380.054	189.689	18.9719	253.476	0	0	0	0	0	0	-1.99407	-2.7917	-1.19644	-1.98587	-1.65837	-1.34724	2.02601	-1.33905	2.27274	2.29766	2.33665	2.36365	2.43431	2.58812	3.01501	0.0482466
setup	0	2023-07-04 23:00:00	11.9078	380.333	189.788	18.9818	253.514	0	0	0	0	0	0	-1.98667	-2.78134	-1.192	-1.97843	-1.64929	-1.3366	2.06408	-1.32838	2.30892	2.33252	2.3697	2.39557	2.46361	2.61245	3.0254	0.0482226
setup	0	2023-07-05 23:00:00	11.9082	380.637	189.893	18.9923	253.566	0	0	0	0	0	0	-1.9763	-2.76682	-1.18578	-1.96803	-1.63747	-1.32344	2.09443	-1.31517	2.34234	2.36553	2.40181	2.42694	2.49276	2.6364	3.03515	0.0481517
setup	0	2023-07-06 23:00:00	11.9086	380.965	190.004	19.0034	253.634	0	0	0	0	0	0	-1.96298	-2.74817	-1.17779	-1.95468	-1.62306	-1.30802	2.12146	-1.29973	2.37097	2.39401	2.4299	2.45465	2.51918	2.65898	3.04447	0.0480263
setup	0	2023-07-07 23:00:00	11.909	381.316	190.121	19.0151	253.716	0	0	0	0	0	0	-1.94671	-2.72539	-1.16802	-1.9384	-1.6064	-1.291	2.16122	-1.2827	2.40499	2.42618	2.45974	2.48317	2.54494	2.68013	3.05325	0.0478291
setup	0	2023-07-08 23:00:00	11.9095	381.691	190.244	19.0273	253.814	0	0	0	0	0	0	-1.92749	-2.69848	-1.15649	-1.91917	-1.58693	-1.2713	2.19113	-1.26299	2.43799	2.45858	2.49091	2.51336	2.57239	2.70179	3.06159	0.0475886
setup	0	2023-07-09 23:00:00	11.91	382.089	190.371	19.0401	253.927	0	0	0	0	0	0	-1.90532	-2.66745	-1.14319	-1.89701	-1.56478	-1.24916	2.2175	-1.24085	2.4655	2.48589	2.51774	2.53977	2.59736	2.7227	3.06978	0.0472971
setup	0	2023-07-10 23:00:00	11.9105	382.509	190.505	19.0534	254.054	0	0	0	0	0	0	-1.88023	-2.63232	-1.12814	-1.87192	-1.53997	-1.22461	2.24148	-1.21631	2.48999	2.51022	2.5417	2.5634	2.61989	2.74202	3.07769	0.0469534
setup	0	2023-07-11 23:00:00	11.911	382.951	190.643	19.0672	254.197	0	0	0	0	0	0	-1.8522	-2.59308	-1.11132	-1.84391	-1.5126	-1.19786	2.26359	-1.18957	2.5122	2.53227	2.56343	2.58484	2.64039	2.75975	3.08514	0.0465525
setup	0	2023-07-12 23:00:00	11.9116	383.415	190.786	19.0815	254.355	0	0	0	0	0	0	-1.82126	-2.54976	-1.09275	-1.81299	-1.48271	-1.16896	2.28412	-1.1607	2.53252	2.55245	2.58329	2.60444	2.65914	2.776	3.09202	0.0460924
setup	0	2023-07-13 23:00:00	11.9122	383.901	190.934	19.0963	254.527	0	0	0	0	0	0	-1.7874	-2.50236	-1.07244	-1.77917	-1.45032	-1.13792	2.3033	-1.1297	2.55122	2.571	2.60154	2.62244	2.67634	2.79092	3.09829	0.0455725
setup	0	2023-07-14 23:00:00	11.9128	384.407	191.087	19.1115	254.715	0	0	0	0	0	0	-1.75065	-2.4509	-1.05039	-1.74246	-1.41542	-1.10474	2.3213	-1.09656	2.5685	2.58813	2.61837	2.63903	2.69217	2.80461	3.10395	0.0449924
setup	0	2023-07-15 23:00:00	11.9135	384.933	191.243	19.1272	254.917	0	0	0	0	0	0	-1.711	-2.3954	-1.0266	-1.70291	-1.3799	-1.07303	2.369	-1.06495	2.60158	2.61747	2.64327	2.66158	2.71046	2.81801	3.10902	0.044264
setup	0	2023-07-16 23:00:00	11.9142	385.48	191.404	19.1432	255.135	0	0	0	0	0	0	-1.66848	-2.33587	-1.00109	-1.66047	-1.34065	-1.03682	2.40114	-1.02883	2.63825	2.65276	2.67601	2.69242	2.73642	2.83539	3.11396	0.0435317
setup	0	2023-07-17 23:00:00	11.9149	386.046	191.569	19.1597	255.367	0	0	0	0	0	0	-1.62309	-2.27233	-0.973854	-1.61517	-1.29871	-0.998065	2.42789	-0.990153	2.66574	2.67994	2.70246	2.71824	2.76021	2.8539	3.11961	0.0427464
setup	0	2023-07-18 23:00:00	11.9156	386.63	191.737	19.1765	255.615	0	0	0	0	0	0	-1.57485	-2.20479	-0.944911	-1.56702	-1.25422	-0.95705	2.45936	-0.94923	2.694	2.70702	2.72794	2.74274	2.78241	2.87159	3.12578	0.0418994
setup	0	2023-07-19 23:00:00	11.9164	387.233	191.908	19.1936	255.877	0	0	0	0	0	0	-1.52378	-2.13329	-0.914265	-1.51605	-1.20722	-0.91384	2.48521	-0.906119	2.72047	2.73303	2.75304	2.76712	2.80471	2.88926	3.13218	0.0409901
setup	0	2023-07-20 23:00:00	11.9172	387.854	192.083	19.211	256.154	0	0	0	0	0	0	-1.46988	-2.05783	-0.881927	-1.46225	-1.15738	-0.867764	2.5084	-0.860142	2.74302	2.75537	2.77493	2.78863	2.82499	2.90616	3.13874	0.0400325
setup	0	2023-07-21 23:00:00	11.918	388.492	192.26	19.2287	256.446	0	0	0	0	0	0	-1.41317	-1.97844	-0.847904	-1.40564	-1.1048	-0.818999	2.52982	-0.811478	2.76328	2.77545	2.79464	2.80803	2.84341	2.92185	3.14526	0.0390215
setup	0	2023-07-22 23:00:00	11.9189	389.146	192.44	19.2467	256.753	0	0	0	0	0	0	-1.35368	-1.89515	-0.812208	-1.34625	-1.04959	-0.767757	2.54988	-0.76034	2.78179	2.79379	2.81265	2.82576	2.86029	2.93638	3.15157	0.0379512
setup	0	2023-07-23 23:00:00	11.9197	389.816	192.622	19.2648	257.075	0	0	0	0	0	0	-1.29141	-1.80798	-0.774848	-1.2841	-0.991832	-0.714178	2.56882	-0.706871	2.7989	2.81072	2.82927	2.84213	2.87588	2.94985	3.15756	0.0368172
setup	0	2023-07-24 23:00:00	11.9206	390.502	192.806	19.2832	257.412	0	0	0	0	0	0	-1.2264	-1.71695	-0.735837	-1.2192	-0.931727	-0.658626	2.5885	-0.651439	2.81585	2.8273	2.84528	2.85777	2.89057	2.96241	3.16319	0.0356096
setup	0	2023-07-25 23:00:00	11.9215	391.202	192.992	19.3018	257.764	0	0	0	0	0	0	-1.15864	-1.6221	-0.695186	-1.15158	-0.869268	-0.601073	2.60647	-0.594015	2.8319	2.84312	2.86069	2.87286	2.90475	2.97439	3.16847	0.034328
setup	0	2023-07-26 23:00:00	11.9224	391.916	193.179	19.3205	258.13	0	0	0	0	0	0	-1.08818	-1.52345	-0.652906	-1.08125	-0.804303	-0.541206	2.62346	-0.534282	2.84657	2.85762	2.87487	2.88679	2.91795	2.98568	3.17345	0.0329786
setup	0	2023-07-27 23:00:00	11.9234	392.644	193.367	19.3392	258.511	0	0	0	0	0	0	-1.01502	-1.42102	-0.60901	-1.00823	-0.736876	-0.479092	2.63968	-0.472308	2.86025	2.87113	2.88807	2.89977	2.93025	2.99624	3.17812	0.0315583
setup	0	2023-07-28 23:00:00	11.9244	393.384	193.556	19.3581	258.907	0	0	0	0	0	0	-0.939186	-1.31486	-0.563512	-0.932543	-0.667027	-0.414788	2.65528	-0.40815	2.8731	2.8838	2.90045	2.91192	2.94176	3.00612	3.18247	0.0300645
setup	0	2023-07-29 23:00:00	11.9254	394.137	193.745	19.377	259.318	0	0	0	0	0	0	-0.860706	-1.20499	-0.516424	-0.854216	-0.594789	-0.348333	2.67034	-0.341847	2.88521	2.89574	2.9121	2.92335	2.95256	3.01537	3.18651	0.0284947
setup	0	2023-07-30 23:00:00	11.9264	394.9	193.935	19.396	259.743	0	0	0	0	0	0	-0.779601	-1.09144	-0.467761	-0.77327	-0.520186	-0.279756	2.68492	-0.273429	2.89669	2.90704	2.9231	2.93413	2.96274	3.02404	3.19024	0.0268468
setup	0	2023-07-31 23:00:00	11.9274	395.675	194.124	19.4149	260.183	0	0	0	0	0	0	-0.695894	-0.974251	-0.417536	-0.689728	-0.443242	-0.20908	2.69908	-0.202918	2.90759	2.91775	2.93352	2.94434	2.97234	3.03219	3.19368	0.0251186
setup	0	2023-08-01 23:00:00	11.9285	396.459	194.314	19.4338	260.638	0	0	0	0	0	0	-0.60961	-0.853454	-0.365766	-0.603616	-0.363978	-0.136322	2.71289	-0.130331	2.91797	2.92795	2.94342	2.95402	2.98143	3.03987	3.19684	0.023308
setup	0	2023-08-02 23:00:00	11.9296	397.252	194.502	19.4526	261.108	0	0	0	0	0	0	-0.520775	-0.729085	-0.312465	-0.514974	-0.28302	-0.0626642	2.73054	-0.0568654	2.93056	2.93981	2.95433	2.96439	2.99066	3.04726	3.19975	0.0213803
setup	0	2023-08-03 23:00:00	11.9307	398.054	194.689	19.4713	261.592	0	0	0	0	0	0	-0.429415	-0.601182	-0.257649	-0.423831	-0.200552	0.0115626	2.74816	0.0171446	2.94471	2.9533	2.96684	2.97627	3.00105	3.05507	3.2025	0.0193101
setup	0	2023-08-04 23:00:00	11.9318	398.863	194.875	19.4899	262.09	0	0	0	0	0	0	-0.335558	-0.469781	-0.201335	-0.330202	-0.116026	0.0874405	2.76453	0.0927948	2.95814	2.96632	2.97919	2.98815	3.01171	3.06326	3.20526	0.0171011
setup	0	2023-08-05 23:00:00	11.9329	399.68	195.06	19.5083	262.604	0	0	0	0	0	0	-0.23923	-0.334922	-0.143538	-0.234124	-0.0299392	0.164037	2.78329	0.169141	2.97285	2.98024	2.99206	3.00037	3.02249	3.07153	3.20809	0.0146882
setup	0	2023-08-06 23:00:00	11.9341	400.502	195.242	19.5265	263.131	0	0	0	0	0	0	-0.140461	-0.196645	-0.0842766	-0.135617	0.0580962	0.242124	2.79877	0.246967	2.9864	2.99355	3.00486	3.01277	3.0337	3.08017	3.21102	0.0120565
setup	0	2023-08-07 23:00:00	11.9353	401.33	195.422	19.5444	263.673	0	0	0	0	0	0	-0.0392796	-0.0549915	-0.0235678	-0.0346879	0.148973	0.323451	2.81256	0.328043	2.99738	3.00448	3.01562	3.02336	3.04371	3.08847	3.21407	0.0092123
setup	0	2023-08-08 23:00:00	11.9364	402.163	195.599	19.5621	264.17	0	0.250374	0	0	0	0	0.0642839	0.0385703	0.0899975	0.068625	0.242257	0.407208	2.8254	0.411549	3.00699	3.01404	3.02506	3.03268	3.05262	3.0961	3.21711	0.00895493
setup	0	2023-08-09 23:00:00	11.9377	403	195.774	19.5795	264.64	0	0.687696	0	0	0	0	0.170199	0.102119	0.238279	0.174293	0.33802	0.493561	2.83758	0.497654	3.01562	3.02261	3.03352	3.04104	3.06063	3.10305	3.22003	0.0104645
setup	0	2023-08-10 23:00:00	11.9389	403.84	195.945	19.5966	265.122	0	1.14617	0	0	0	0	0.278434	0.16706	0.389808	0.282286	0.43633	0.58267	2.84924	0.586521	3.02343	3.03038	3.04118	3.0486	3.06789	3.10938	3.22276	0.0120446
setup	0	2023-08-11 23:00:00	11.9401	404.682	196.113	19.6133	265.615	0	1.62157	0	0	0	0	0.388957	0.233374	0.54454	0.392571	0.537063	0.674329	2.8605	0.677942	3.03055	3.03745	3.04815	3.05549	3.0745	3.11515	3.22527	0.0136923
setup	0	2023-08-12 23:00:00	11.9414	405.526	196.276	19.6297	266.118	0	2.11209	0	0	0	0	0.501736	0.301042	0.70243	0.505114	0.640149	0.768433	2.86939	0.771809	3.03492	3.04216	3.05324	3.06076	3.07994	3.12027	3.22754	0.0154069
setup	0	2023-08-13 23:00:00	11.9426	406.371	196.436	19.6456	266.633	0	2.61671	0	0	0	0	0.616736	0.370042	0.863431	0.61988	0.745535	0.864908	2.88034	0.868049	3.04096	3.04789	3.05859	3.06591	3.08474	3.12451	3.22952	0.0171883
setup	0	2023-08-14 23:00:00	11.9439	407.216	196.591	19.6611	267.158	0	3.1347	0	0	0	0	0.733925	0.440355	1.02749	0.736836	0.853178	0.963702	2.89109	0.96661	3.0469	3.05372	3.06421	3.07137	3.08979	3.12866	3.23118	0.0190372
setup	0	2023-08-15 23:00:00	11.9452	408.06	196.742	19.6761	267.694	0	3.66554	0	0	0	0	0.853266	0.51196	1.19457	0.855947	0.963052	1.0648	2.9015	1.06748	3.05215	3.05891	3.06929	3.07637	3.0945	3.1326	3.23263	0.0209551
setup	0	2023-08-16 23:00:00	11.9465	408.903	196.887	19.6906	268.24	0	4.20879	0	0	0	0	0.974725	0.584835	1.36462	0.977178	1.07514	1.1682	2.91168	1.17065	3.05684	3.06357	3.07387	3.08088	3.09879	3.13622	3.23391	0.0229436
setup	0	2023-08-17 23:00:00	11.9478	409.744	197.027	19.7045	268.797	0	4.76409	0	0	0	0	1.09827	0.65896	1.53757	1.10049	1.18941	1.27388	2.92172	1.2761	3.0611	3.06779	3.07803	3.08498	3.10269	3.13951	3.235	0.0250042
setup	0	2023-08-18 23:00:00	11.9492	410.582	197.161	19.7179	269.364	0	5.33113	0	0	0	0	1.22385	0.734311	1.71339	1.22586	1.30583	1.38181	2.93169	1.38381	3.06499	3.07165	3.08182	3.08871	3.10623	3.14251	3.23592	0.0271382
setup	0	2023-08-19 23:00:00	11.9505	411.416	197.29	19.7307	269.942	0	5.9096	0	0	0	0	1.35145	0.810868	1.89202	1.35323	1.42438	1.49197	2.94162	1.49375	3.06855	3.07517	3.08527	3.09211	3.10945	3.14521	3.23665	0.0293472
setup	0	2023-08-20 23:00:00	11.9518	412.246	197.412	19.7429	270.529	0	6.49923	0	0	0	0	1.48101	0.888606	2.07341	1.48258	1.54502	1.60434	2.95157	1.60591	3.07184	3.07842	3.08845	3.09522	3.11238	3.14767	3.23722	0.0316326
setup	0	2023-08-21 23:00:00	11.9532	413.071	197.528	19.7544	271.126	0	7.09978	0	0	0	0	1.61251	0.967503	2.25751	1.61386	1.66773	1.71891	2.96159	1.72026	3.07489	3.08143	3.09137	3.09809	3.11507	3.14988	3.23763	0.0339961
setup	0	2023-08-22 23:00:00	11.9546	413.89	197.637	19.7653	271.734	0	7.71099	0	0	0	0	1.74589	1.04754	2.44425	1.74704	1.79248	1.83565	2.97174	1.83678	3.07777	3.08425	3.0941	3.10075	3.11754	3.15187	3.2379	0.0364393
setup	0	2023-08-23 23:00:00	11.956	414.702	197.739	19.7755	272.35	0	8.33262	0	0	0	0	1.88114	1.12868	2.63359	1.88207	1.91923	1.95453	2.98319	1.95546	3.08174	3.08795	3.09744	3.10388	3.12026	3.15381	3.23803	0.0389638
setup	0	2023-08-24 23:00:00	11.9574	415.507	197.834	19.7849	272.977	0	8.96445	0	0	0	0	2.01819	1.21091	2.82547	2.01892	2.04797	2.07556	2.99362	2.07628	3.08424	3.09052	3.10006	3.10649	3.1227	3.15576	3.23809	0.0415717
setup	0	2023-08-25 23:00:00	11.9588	416.304	197.921	19.7936	273.613	0	9.60623	0	0	0	0	2.15702	1.29421	3.01983	2.15755	2.17865	2.19869	3.00451	2.19921	3.08674	3.09294	3.10237	3.10872	3.12473	3.15734	3.23822	0.0442644
setup	0	2023-08-26 23:00:00	11.9602	417.092	198.001	19.8015	274.258	0	10.2578	0	0	0	0	2.29758	1.37855	3.21661	2.29792	2.31122	2.32386	3.016	2.32419	3.08951	3.09558	3.10481	3.11105	3.12678	3.15885	3.23828	0.0470426
setup	0	2023-08-27 23:00:00	11.9616	417.871	198.073	19.8087	274.913	0	10.9188	0	0	0	0	2.43983	1.4639	3.41576	2.43997	2.44564	2.45102	3.02824	2.45116	3.09264	3.09852	3.10751	3.11358	3.12894	3.16036	3.23822	0.0499076
setup	0	2023-08-28 23:00:00	11.9631	418.64	198.137	19.815	275.576	0	11.5891	0	0	0	0	2.58372	1.55023	3.61721	2.58368	2.58186	2.58013	3.04219	2.58008	3.09708	3.10259	3.11105	3.11682	3.13156	3.16194	3.2381	0.0528607
setup	0	2023-08-29 23:00:00	11.9645	419.399	198.192	19.8205	276.249	0	12.2685	0	0	0	0	2.72922	1.63753	3.82091	2.729	2.71986	2.71117	3.05648	2.71094	3.10133	3.10662	3.11476	3.1203	3.13447	3.16387	3.23799	0.055904
setup	0	2023-08-30 23:00:00	11.9659	420.146	198.239	19.8251	276.93	0	12.9567	0	0	0	0	2.87629	1.72577	4.0268	2.87589	2.85956	2.84405	3.07298	2.84364	3.10707	3.11188	3.11936	3.12452	3.13788	3.16594	3.23795	0.0590381
setup	0	2023-08-31 23:00:00	11.9674	420.881	198.277	19.8289	277.62	0	13.6535	0	0	0	0	3.02487	1.81492	4.23481	3.02429	3.00093	2.97873	3.09292	2.97815	3.11524	3.11928	3.12574	3.1303	3.14237	3.16861	3.238	0.0622648
setup	0	2023-09-01 23:00:00	11.9689	421.603	198.306	19.8318	278.318	0	14.3587	0	0	0	0	3.17492	1.90495	4.44489	3.17417	3.14394	3.11522	3.11498	3.11447	3.12435	3.12776	3.13332	3.1373	3.14805	3.17216	3.23826	0.0655876
setup	0	2023-09-02 23:00:00	11.9703	422.313	198.326	19.8337	279.025	0	15.072	0	0	0	0	3.32641	1.99584	4.65697	3.32549	3.28853	3.25342	3.14307	3.25249	3.13682	3.1391	3.14319	3.14629	3.15517	3.17656	3.23885	0.0690074
setup	0	2023-09-03 23:00:00	11.9718	423.008	198.337	19.8348	279.74	0	15.7933	0	0	0	0	3.47928	2.08757	4.87099	3.4782	3.43473	3.39344	3.18064	3.39235	3.15475	3.15533	3.15715	3.15893	3.16502	3.1824	3.23985	0.072532
setup	0	2023-09-04 23:00:00	11.9733	423.69	198.339	19.8349	280.462	0	16.5223	0	0	0	0	3.63349	2.18009	5.08688	3.63226	3.58271	3.53565	3.23314	3.53441	3.1805	3.17856	3.17708	3.17692	3.17895	3.1906	3.24148	0.0761769
setup	0	2023-09-05 23:00:00	11.9748	424.357	198.331	19.834	281.193	0	17.2587	0	0	0	0	3.78899	2.27339	5.30459	3.78763	3.73271	3.68053	3.30315	3.67916	3.21586	3.21064	3.20478	3.20202	3.19854	3.20231	3.24415	0.0799635
setup	0	2023-09-06 23:00:00	11.9763	425.008	198.314	19.8322	281.931	0	18.0024	0	0	0	0	3.94574	2.36745	5.52404	3.94427	3.88513	3.82895	3.42382	3.82747	3.27242	3.26037	3.24617	3.23883	3.22639	3.21864	3.24816	0.0839269
setup	0	2023-09-07 23:00:00	11.9778	425.643	198.286	19.8295	282.677	0	18.753	0	0	0	0	4.1037	2.46222	5.74517	4.1022	4.04228	3.98536	3.6128	3.98386	3.37834	3.353	3.32212	3.30548	3.27503	3.24533	3.25429	0.088213
setup	0	2023-09-08 23:00:00	11.9793	426.263	198.249	19.8257	283.43	0	19.5105	0	0	0	0	4.2628	2.55768	5.96792	4.26145	4.20692	4.15513	3.8848	4.15377	3.56464	3.51521	3.45399	3.42055	3.35778	3.28964	3.26439	0.093002
setup	0	2023-09-09 23:00:00	11.9808	426.865	198.202	19.8209	284.19	0	20.2744	0	0	0	0	4.42302	2.65381	6.19222	4.42217	4.38799	4.35552	-99.99	4.35466	3.92877	3.83324	3.71033	3.64165	3.51151	3.36788	3.28145	0.0988473
setup	0	2023-09-10 23:00:00	11.9823	427.45	198.145	19.8152	284.957	0	18.7144	0	0	0	0	4.58429	2.75058	6.41801	4.58435	4.5864	4.58834	-99.99	4.58839	4.42743	4.29851	4.11549	4.00487	3.77876	3.50675	3.31161	0.105923
setup	0	2023-09-11 23:00:00	11.9838	428.018	198.078	19.8084	285.731	0	8.60515	0	0	0	0	4.74658	2.84795	6.64521	4.74622	4.73155	4.71761	-99.99	4.71725	4.57662	4.46955	4.31815	4.22369	4.01261	3.69446	3.36358	0.10957
setup	0	2023-09-12 23:00:00	11.9853	428.568	198.001	19.8006	286.511	0	8.74128	0	0	0	0	4.90983	2.9459	6.87376	4.90948	4.89513	4.8815	-99.99	4.88114	4.74201	4.63782	4.48961	4.39641	4.18512	3.8505	3.43367	0.114425
setup	0	2023-09-13 23:00:00	11.9868	429.099	197.913	19.7918	287.298	0	9.15421	0	0	0	0	5.074	3.0444	7.1036	5.07365	5.05945	5.04597	-99.99	5.04561	4.90821	4.80404	4.65497	4.55969	4.34171	3.98874	3.50989	0.119381
setup	0	2023-09-14 23:00:00	11.9884	429.612	197.816	19.782	288.091	0	9.3516	0	0	0	0	5.23903	3.14342	7.33464	5.23866	5.22383	5.20973	-99.99	5.20936	5.06569	4.95817	4.80489	4.7081	4.48616	4.12038	3.58827	0.124389
setup	0	2023-09-15 23:00:00	11.9899	430.105	197.708	19.7712	288.89	0	8.23358	0	0	0	0	5.40488	3.24293	7.56683	5.4045	5.38922	5.37469	-99.99	5.37431	5.2264	5.11548	4.9571	4.85698	4.62707	4.24469	3.66782	0.129519
setup	0	2023-09-16 23:00:00	11.9914	430.58	197.59	19.7593	289.695	0	8.4641	0	0	0	0	5.5715	3.3429	7.8001	5.57111	5.55537	5.54041	-99.99	5.54002	5.38761	5.27319	5.10957	5.00597	4.7674	4.36762	3.74779	0.134757
setup	0	2023-09-17 23:00:00	11.9929	431.034	197.462	19.7464	290.505	0	8.69434	0	0	0	0	5.73884	3.44331	8.03438	5.73844	5.72222	5.70681	-99.99	5.70641	5.54932	5.43125	5.2622	5.15499	4.90749	4.49008	3.82856	0.140102
setup	0	2023-09-18 23:00:00	11.9945	431.469	197.323	19.7325	291.321	0	10.0265	0	0	0	0	5.90685	3.54411	8.26959	5.90644	5.88964	5.87368	-99.99	5.87326	5.71262	5.59037	5.41497	5.30373	5.04695	4.61222	3.91037	0.145551
setup	0	2023-09-19 23:00:00	11.996	431.884	197.175	19.7176	292.142	0	9.53838	0	0	0	0	6.07548	3.64529	8.50568	6.07506	6.05796	6.04172	-99.99	6.04129	5.87619	5.75081	5.57033	5.4555	5.18933	4.73583	3.99331	0.15112
setup	0	2023-09-20 23:00:00	11.9975	432.278	197.016	19.7017	292.967	0	12.2012	0	0	0	0	6.24469	3.74681	8.74256	6.24425	6.22696	6.21053	-99.99	6.2101	6.0416	5.91196	5.72594	5.60741	5.33203	4.86162	4.07773	0.156815
setup	0	2023-09-21 23:00:00	11.9991	432.652	196.847	19.6847	293.798	0	10.962	0	0	0	0	6.41441	3.84864	8.98017	6.41395	6.39576	6.37848	-99.99	6.37803	6.20376	6.07045	5.87895	5.75692	5.47308	4.98505	4.16379	0.162568
setup	0	2023-09-22 23:00:00	12.0006	433.005	196.668	19.6668	294.633	0	11.1936	0	0	0	0	6.5846	3.95076	9.21844	6.58413	6.56537	6.54755	-99.99	6.54709	6.36881	6.2322	6.03511	5.9092	5.61595	5.11011	4.25075	0.168453
setup	0	2023-09-23 23:00:00	12.0021	433.338	196.479	19.6478	295.472	0	10.6434	0	0	0	0	6.75521	4.05312	9.45729	6.75473	6.73573	6.71768	-99.99	6.71721	6.5335	6.39342	6.19102	6.06165	5.75965	5.23651	4.33898	0.174468
setup	0	2023-09-24 23:00:00	12.0036	433.65	196.281	19.6279	296.316	0	11.8412	0	0	0	0	6.92619	4.15571	9.69666	6.9257	6.90641	6.88807	-99.99	6.88759	6.70088	6.55672	6.3485	6.2154	5.90428	5.36381	4.42864	0.180596
setup	0	2023-09-25 23:00:00	12.0052	433.941	196.072	19.607	297.163	0	11.2242	0	0	0	0	7.09748	4.25849	9.93648	7.09698	7.0771	7.05821	-99.99	7.05772	6.86485	6.71759	6.50469	6.36844	6.04907	5.49204	4.51971	0.18681
setup	0	2023-09-26 23:00:00	12.0067	434.211	195.854	19.5852	298.014	0	11.4387	0	0	0	0	7.26905	4.36143	10.1767	7.26854	7.24819	7.22886	-99.99	7.22835	7.03075	6.88001	6.66192	6.52219	6.19426	5.62079	4.6121	0.193144
setup	0	2023-09-27 23:00:00	12.0082	434.46	195.627	19.5624	298.868	0	11.6531	0	0	0	0	7.44083	4.4645	10.4172	7.44031	7.41951	7.39975	-99.99	7.39923	7.19703	7.04282	6.81955	6.67639	6.34004	5.75031	4.70572	0.199589
setup	0	2023-09-28 23:00:00	12.0098	434.688	195.39	19.5386	299.725	0	11.8694	0	0	0	0	7.61278	4.56767	10.6579	7.61224	7.591	7.57081	-99.99	7.57028	7.36362	7.20599	6.97761	6.83107	6.48639	5.88061	4.80056	0.206145
setup	0	2023-09-29 23:00:00	12.0113	434.895	195.144	19.514	300.585	0	12.0848	0	0	0	0	7.78484	4.6709	10.8988	7.78429	7.76261	7.74201	-99.99	7.74147	7.53046	7.36947	7.13605	6.98617	6.63328	6.01168	4.89659	0.21281
setup	0	2023-09-30 23:00:00	12.0128	435.081	194.889	19.4884	301.448	0	12.2972	0	0	0	0	7.95696	4.77418	11.1398	7.9564	7.9343	7.9133	-99.99	7.91274	7.69749	7.53319	7.2948	7.14162	6.78067	6.14347	4.99378	0.219585
setup	0	2023-10-01 23:00:00	12.0143	435.247	194.625	19.462	302.313	0	12.5059	0	0	0	0	8.1291	4.87746	11.3807	8.12853	8.106	8.0846	-99.99	8.08404	7.86462	7.69705	7.45377	7.29737	6.92848	6.27593	5.0921	0.226468
setup	0	2023-10-02 23:00:00	12.0158	435.392	194.352	19.4346	303.18	0	12.7071	0	0	0	0	8.3012	4.98072	11.6217	8.30062	8.27761	8.25576	-99.99	8.25518	8.03144	7.86091	7.6129	7.45332	7.07665	6.40902	5.19151	0.233454
setup	0	2023-10-03 23:00:00	12.0174	435.516	194.071	19.4065	304.049	0	12.9014	0	0	0	0	8.47321	5.08393	11.8625	8.47262	8.44925	8.42704	-99.99	8.42646	8.1986	8.02485	7.77225	7.60959	7.22529	6.54277	5.29199	0.240554
setup	0	2023-10-04 23:00:00	12.0189	435.62	193.782	19.3775	304.92	0	13.0974	0	0	0	0	8.64508	5.18705	12.1031	8.64448	8.6207	8.59812	-99.99	8.59752	8.36569	8.18883	7.93157	7.76583	7.374	6.67695	5.3935	0.247757
setup	0	2023-10-05 23:00:00	12.0204	435.704	193.484	19.3477	305.792	0	14.8533	0	0	0	0	8.81676	5.29006	12.3435	8.81615	8.79213	8.76931	-99.99	8.76871	8.5336	8.35316	8.09076	7.92177	7.52233	6.81129	5.49597	0.255084
setup	0	2023-10-06 23:00:00	12.0219	435.768	193.179	19.3171	306.665	0	13.9251	0	0	0	0	8.9882	5.39292	12.5835	8.98758	8.96328	8.94019	-99.99	8.93958	8.70125	8.51843	8.25221	8.0805	7.67358	6.94727	5.59936	0.262496
setup	0	2023-10-07 23:00:00	12.0234	435.812	192.866	19.2858	307.539	0	14.1029	0	0	0	0	9.15935	5.49561	12.8231	9.15871	9.13403	9.11058	-99.99	9.10997	8.86798	8.68236	8.41194	8.2374	7.82344	7.08337	5.70384	0.270007
setup	0	2023-10-08 23:00:00	12.0249	435.837	192.546	19.2537	308.414	0	14.2834	0	0	0	0	9.33015	5.59809	13.0622	9.3295	9.30445	9.28065	-99.99	9.28003	9.03443	8.84602	8.57139	8.39404	7.97316	7.2196	5.80923	0.27762
setup	0	2023-10-09 23:00:00	12.0264	435.843	192.218	19.2209	309.289	0	17.5986	0	0	0	0	9.50055	5.70033	13.3008	9.49991	9.47487	9.45109	-99.99	9.45046	9.20697	9.01683	8.73575	8.55501	8.12579	7.35712	5.91548	0.285358
setup	0	2023-10-10 23:00:00	12.0278	435.829	191.884	19.1874	310.164	0	15.3026	0	0	0	0	9.67052	5.80231	13.5387	9.66985	9.64415	9.61973	-99.99	9.61909	9.36838	9.1749	8.89256	8.71004	8.27596	7.49501	6.02283	0.293131
setup	0	2023-10-11 23:00:00	12.0293	435.798	191.543	19.1533	311.039	0	15.4616	0	0	0	0	9.83998	5.90399	13.776	9.83931	9.81327	9.78852	-99.99	9.78787	9.53353	9.33739	9.05109	8.86595	8.42542	7.63202	6.13095	0.301033
setup	0	2023-10-12 23:00:00	12.0308	435.748	191.196	19.1185	311.913	0	18.583	0	0	0	0	10.0089	6.00534	14.0125	10.0082	9.9823	9.95767	-99.99	9.95702	9.70251	9.5049	9.21785	9.03208	8.58249	7.77208	6.23972	0.309075
setup	0	2023-10-13 23:00:00	12.0323	435.68	190.842	19.0831	312.787	0	16.0253	0	0	0	0	10.1772	6.10634	14.2481	10.1765	10.15	10.1248	-99.99	10.1241	9.86409	9.66317	9.3701	9.18037	8.72819	7.91002	6.34974	0.317133
setup	0	2023-10-14 23:00:00	12.0337	435.595	190.483	19.0472	313.659	0	17.5247	0	0	0	0	10.3449	6.20695	14.4829	10.3442	10.3178	10.2927	-99.99	10.292	10.0332	9.83168	9.53386	9.34106	8.88046	8.04827	6.46011	0.325336
setup	0	2023-10-15 23:00:00	12.0352	435.492	190.119	19.0107	314.53	0	16.1511	0	0	0	0	10.5119	6.30714	14.7167	10.5112	10.4839	10.4579	-99.99	10.4572	10.1897	9.98428	9.68395	9.48942	9.02572	8.18518	6.57115	0.333555
setup	0	2023-10-16 23:00:00	12.0366	435.374	189.749	18.9737	315.399	0	19.6464	0	0	0	0	10.6781	6.40689	14.9494	10.6774	10.6505	10.6249	-99.99	10.6243	10.3592	10.1491	9.84358	9.64633	9.17521	8.32214	6.68232	0.341958
setup	0	2023-10-17 23:00:00	12.038	435.239	189.375	18.9362	316.267	0	16.8723	0	0	0	0	10.8436	6.50616	15.181	10.8429	10.8152	10.7888	-99.99	10.7881	10.5162	10.3056	9.99807	9.79878	9.3232	8.45967	6.79394	0.350346
setup	0	2023-10-18 23:00:00	12.0395	435.088	188.996	18.8982	317.132	0	17.0096	0	0	0	0	11.0082	6.60492	15.4115	11.0075	10.9795	10.9529	-99.99	10.9522	10.6773	10.4644	10.1535	9.95191	9.47082	8.59664	6.90609	0.358847
setup	0	2023-10-19 23:00:00	12.0409	434.922	188.613	18.8599	317.995	0	17.1345	0	0	0	0	11.1719	6.70315	15.6407	11.1712	11.1428	11.1159	-99.99	11.1152	10.8363	10.6218	10.3078	10.1042	9.61802	8.7336	7.01863	0.367421
setup	0	2023-10-20 23:00:00	12.0423	434.742	188.226	18.8212	318.855	0	19.3712	0	0	0	0	11.3347	6.80081	15.8686	11.3339	11.3046	11.2767	-99.99	11.276	10.9934	10.7761	10.4583	10.2524	9.76231	8.86973	7.13155	0.375953
setup	0	2023-10-21 23:00:00	12.0437	434.548	187.835	18.7821	319.712	0	21.473	0	0	0	0	11.4965	6.89788	16.0951	11.4957	11.4675	11.4407	-99.99	11.44	11.1612	10.9432	10.625	10.4185	9.92349	9.01143	7.2448	0.383534
setup	0	2023-10-22 23:00:00	12.0451	434.34	187.441	18.7292	320.566	0	22.0176	0	0	0	0	11.6572	6.99434	16.3201	11.6565	11.6272	11.5995	-99.99	11.5987	11.3182	11.0982	10.7771	10.5689	10.0714	9.15237	7.3596	0.392193
setup	0	2023-10-23 23:00:00	12.0465	434.119	187.045	18.686	321.416	0	19.0819	0	0	0	0	11.8169	7.09014	16.5436	11.8161	11.7871	11.7595	-99.99	11.7588	11.4753	11.2546	10.9301	10.7192	10.2139	9.28868	7.47498	0.401021
setup	0	2023-10-24 23:00:00	12.0478	433.885	186.646	18.6417	322.262	0	19.2402	0	0	0	0	11.9754	7.18526	16.7656	11.9747	11.9453	11.9175	-99.99	11.9168	11.6296	11.4066	11.0795	10.867	10.3574	9.42405	7.59006	0.409873
setup	0	2023-10-25 23:00:00	12.0492	433.64	186.244	18.5963	323.104	0	19.3251	0	0	0	0	12.1328	7.27967	16.9859	12.132	12.1025	12.0744	-99.99	12.0737	11.7841	11.5593	11.2295	11.0152	10.5011	9.55922	7.70501	0.418788
setup	0	2023-10-26 23:00:00	12.0505	433.383	185.841	18.5494	323.942	0	19.4139	0	0	0	0	12.2889	7.37335	17.2045	12.2881	12.2584	12.2301	-99.99	12.2294	11.9375	11.7111	11.3788	11.1627	10.6444	9.69424	7.82001	0.427753
setup	0	2023-10-27 23:00:00	12.0519	433.115	185.437	18.5011	324.774	0	23.5619	0	0	0	0	12.4438	7.46627	17.4213	12.443	12.4129	12.3844	-99.99	12.3836	12.0953	11.8685	11.537	11.3188	10.7931	9.83121	7.93518	0.436758
setup	0	2023-10-28 23:00:00	12.0532	432.838	185.031	18.451	325.602	0	20.3808	0	0	0	0	12.5973	7.5584	17.6363	12.5965	12.5666	12.5381	-99.99	12.5373	12.2442	12.0159	11.6798	11.4609	10.9348	9.96729	8.051	0.445806
setup	0	2023-10-29 23:00:00	12.0545	432.551	184.625	18.3989	326.424	0	20.512	0	0	0	0	12.7495	7.64971	17.8493	12.7494	12.7312	12.6904	-99.99	12.6892	12.3933	12.163	11.8247	11.6044	11.0751	10.101	8.16693	0.456466
setup	0	2023-10-30 23:00:00	12.0558	432.255	184.218	18.3446	327.241	0	20.561	0	0	0	0	12.9003	7.74017	18.0604	12.9002	12.8818	12.8409	-99.99	12.8396	12.5418	12.3101	11.9696	11.748	11.2151	10.2341	8.28269	0.465615
setup	0	2023-10-31 23:00:00	12.0571	431.951	183.811	18.2877	328.051	0	20.6163	0	0	0	0	13.0496	7.82977	18.2695	13.0495	13.031	12.9899	-99.99	12.9886	12.689	12.456	12.1136	11.8906	11.3544	10.3667	8.39835	0.47479
setup	0	2023-11-01 23:00:00	12.0583	431.64	183.404	18.2279	328.855	0	20.6687	0	0	0	0	13.1974	7.91846	18.4764	13.1974	13.1788	13.1374	-99.99	13.1361	12.835	12.6008	12.2564	12.0321	11.4928	10.4987	8.51395	0.483986
setup	0	2023-11-02 23:00:00	12.0596	431.322	182.998	18.1648	329.653	0	20.7135	0	0	0	0	13.3437	8.00624	18.6812	13.3436	13.325	13.2834	-99.99	13.2821	12.9796	12.7442	12.398	12.1725	11.6302	10.63	8.62947	0.493196
setup	0	2023-11-03 23:00:00	12.0608	430.997	182.594	18.098	330.444	0	20.7338	0	0	0	0	13.4884	8.09306	18.8838	13.4883	13.4696	13.4277	-99.99	13.4264	13.1215	12.8852	12.5378	12.3113	11.7665	10.7607	8.74491	0.502409
setup	0	2023-11-04 23:00:00	12.0621	430.667	182.19	18.027	331.228	0	20.7629	0	0	0	0	13.6315	8.1789	19.0841	13.6314	13.6126	13.5706	-99.99	13.5692	13.2633	13.0261	12.677	12.4494	11.9018	10.8905	8.86022	0.511638
setup	0	2023-11-05 23:00:00	12.0633	430.332	181.788	17.9515	332.004	0	23.4828	0	0	0	0	13.7729	8.26375	19.2821	13.7728	13.7539	13.7117	-99.99	13.7103	13.403	13.1639	12.8125	12.5837	12.0337	11.0186	8.97533	0.520889
setup	0	2023-11-06 23:00:00	12.0645	429.993	181.389	17.871	332.773	0	23.919	0	0	0	0	13.9126	8.34757	19.4777	13.9125	13.8936	13.8515	-99.99	13.8502	13.543	13.3038	12.9519	12.7225	12.1698	11.148	9.09015	0.530101
setup	0	2023-11-07 23:00:00	12.0656	429.65	180.991	17.785	333.534	0	26.2731	0	0	0	0	14.0506	8.43034	19.6708	14.0505	14.0319	13.9905	-99.99	13.9892	13.6861	13.4489	13.1014	12.8728	12.3141	11.281	9.20518	0.539342
setup	0	2023-11-08 23:00:00	12.0668	429.305	180.597	17.693	334.286	0	22.3923	0	0	0	0	14.1867	8.51203	19.8614	14.1866	14.1678	14.1258	-99.99	14.1245	13.818	13.5783	13.2261	12.996	12.4404	11.4087	9.32104	0.548496
setup	0	2023-11-09 23:00:00	12.0679	428.957	180.206	17.5946	335.03	0	28.7583	0	0	0	0	14.321	8.59262	20.0494	14.3209	14.3022	14.2606	-99.99	14.2593	13.9543	13.7129	13.3588	13.1277	12.5709	11.5382	9.43634	0.557685
setup	0	2023-11-10 23:00:00	12.0691	428.608	179.818	17.4894	335.765	0	29.0676	0	0	0	0	14.4535	8.67209	20.2349	14.4534	14.4347	14.3931	-99.99	14.3918	14.0864	13.8461	13.4926	13.2608	12.7019	11.6666	9.55179	0.566831
setup	0	2023-11-11 23:00:00	12.0702	428.257	179.434	17.3771	336.491	0	25.8312	0	0	0	0	14.584	8.75041	20.4176	14.5839	14.5648	14.5222	-99.99	14.5208	14.2151	13.973	13.6168	13.3846	12.8254	11.787	9.6669	0.575867
setup	0	2023-11-12 23:00:00	12.0712	427.907	179.054	17.2574	337.207	0	24.1742	0	0	0	0	14.7126	8.82756	20.5976	14.7125	14.6936	14.6514	-99.99	14.65	14.3428	14.1017	13.7463	13.514	12.9531	11.9092	9.78038	0.584911
setup	0	2023-11-13 23:00:00	12.0723	427.557	178.679	17.13	337.914	0	24.1845	0	0	0	0	14.8392	8.90352	20.7749	14.8391	14.8202	14.778	-99.99	14.7767	14.469	14.2278	13.8719	13.6393	13.0771	12.0306	9.89339	0.593929
setup	0	2023-11-14 23:00:00	12.0734	427.208	178.309	16.995	338.611	0	28.4139	0	0	0	0	14.9638	8.97826	20.9493	14.9637	14.9451	14.9036	-99.99	14.9023	14.5978	14.3568	14.0025	13.7709	13.2115	12.1558	10.0061	0.602982
setup	0	2023-11-15 23:00:00	12.0744	426.861	177.943	16.8523	339.298	0	24.3439	0	0	0	0	15.0863	9.05176	21.1208	15.0862	15.0673	15.0254	-99.99	15.0241	14.7169	14.4757	14.1206	13.8883	13.3258	12.2747	10.1192	0.611838
setup	0	2023-11-16 23:00:00	12.0754	426.517	177.583	16.7022	339.974	0	24.4134	0	0	0	0	15.2067	9.124	21.2893	15.2066	15.1877	15.1457	-99.99	15.1444	14.8365	14.5948	14.2389	14.0061	13.4427	12.3908	10.2311	0.620663
setup	0	2023-11-17 23:00:00	12.0764	426.175	177.229	16.5448	340.639	0	24.5339	0	0	0	0	15.3249	9.19496	21.4549	15.3248	15.3059	15.2638	-99.99	15.2625	14.9548	14.7129	14.3565	14.1234	13.5594	12.5064	10.342	0.629414
setup	0	2023-11-18 23:00:00	12.0773	425.837	176.881	16.3807	341.294	0	24.7161	0	0	0	0	15.441	9.26462	21.6175	15.4409	15.422	15.3797	-99.99	15.3784	15.0696	14.8284	14.4722	14.2392	13.6752	12.6214	10.4521	0.638069
setup	0	2023-11-19 23:00:00	12.0783	425.503	176.54	16.2106	341.937	0	25.0079	0	0	0	0	15.5549	9.33296	21.7769	15.5548	15.5359	15.4936	-99.99	15.4923	15.1835	14.9423	14.5861	14.353	13.789	12.7347	10.5615	0.646666
setup	0	2023-11-20 23:00:00	12.0792	425.175	176.205	16.035	342.569	0	31.0346	0	0	0	0	15.6666	9.39995	21.9332	15.6665	15.6469	15.6034	-99.99	15.602	15.292	15.0485	14.6905	14.457	13.8951	12.8449	10.6702	0.654988
setup	0	2023-11-21 23:00:00	12.0801	424.852	175.877	15.8551	343.188	0	29.7312	0	0	0	0	15.776	9.46558	22.0864	15.7759	15.7571	15.7152	-99.99	15.7139	15.4083	15.1676	14.8119	14.579	14.0145	12.9578	10.7778	0.663507
setup	0	2023-11-22 23:00:00	12.0809	424.535	175.556	15.6717	343.796	0	28.7017	0	0	0	0	15.8831	9.52983	22.2363	15.8829	15.8642	15.8226	-99.99	15.8213	15.5169	15.2772	14.9226	14.6902	14.1262	13.0696	10.8854	0.671826
setup	0	2023-11-23 23:00:00	12.0818	424.224	175.243	15.4861	344.392	0	29.6596	0	0	0	0	15.9878	9.59268	22.3829	15.9877	15.969	15.9275	-99.99	15.9262	15.6224	15.3833	15.0296	14.7976	14.2346	13.1791	10.9925	0.680022
setup	0	2023-11-24 23:00:00	12.0826	423.921	174.938	15.2995	344.975	0	30.8841	0	0	0	0	16.0902	9.6541	22.5262	16.0901	16.0715	16.0301	-99.99	16.0288	15.7257	15.4871	15.1341	14.9026	14.3406	13.2865	11.0988	0.688098
setup	0	2023-11-25 23:00:00	12.0834	423.626	174.641	15.1131	345.545	0	32.3932	0	0	0	0	16.1901	9.71409	22.6662	16.19	16.1715	16.1302	-99.99	16.1289	15.8266	15.5886	15.2364	15.0054	14.4446	13.3921	11.2042	0.696049
setup	0	2023-11-26 23:00:00	12.0842	423.339	174.352	14.9284	346.102	0	34.1935	0	0	0	0	16.2877	9.77262	22.8028	16.2876	16.269	16.2275	-99.99	16.2262	15.9219	15.6849	15.3343	15.1042	14.5456	13.4959	11.3087	0.703832
setup	0	2023-11-27 23:00:00	12.0849	423.06	174.071	14.7467	346.647	0	36.3454	0	0	0	0	16.3828	9.82968	22.9359	16.3827	16.3642	16.323	-99.99	16.3217	16.0202	15.7839	15.4339	15.2041	14.6462	13.5979	11.4122	0.71153
setup	0	2023-11-28 23:00:00	12.0856	422.791	173.8	14.5694	347.177	0	38.8632	0	0	0	0	16.4754	9.88525	23.0656	16.4753	16.4569	16.4159	-99.99	16.4146	16.1142	15.8787	15.5297	15.3005	14.7443	13.6985	11.5146	0.71907
setup	0	2023-11-29 23:00:00	12.0863	422.532	173.537	14.3977	347.694	0	41.7257	0	0	0	0	16.5655	9.93931	23.1917	16.5654	16.5471	16.5062	-99.99	16.5049	16.2057	15.971	15.6232	15.3948	14.8403	13.7974	11.6161	0.726461
setup	0	2023-11-30 23:00:00	12.087	422.284	173.284	14.2912	348.197	0	44.8511	0	0	0	0	16.6531	9.99184	23.3143	16.6529	16.6347	16.594	-99.99	16.5928	16.2948	16.061	15.7144	15.4868	14.9342	13.8944	11.7165	0.733697
setup	0	2023-12-01 23:00:00	12.0876	422.046	173.04	14.1828	348.686	0	52.8944	0	0	0	0	16.7381	10.0428	23.4333	16.7379	16.7193	16.6779	-99.99	16.6766	16.3763	16.1418	15.7957	15.569	15.0199	13.9875	11.8158	0.740731
setup	0	2023-12-02 23:00:00	12.0883	421.819	172.806	14.0651	349.161	0	51.4369	0	0	0	0	16.8205	10.0923	23.5487	16.8204	16.8026	16.7629	-99.99	16.7617	16.4688	16.2374	15.8941	15.6684	15.1188	14.0836	11.9137	0.747702
setup	0	2023-12-03 23:00:00	12.0888	421.604	172.582	13.9387	349.622	0	54.1649	0	0	0	0	16.9003	10.1402	23.6604	16.9001	16.8825	16.8432	-99.99	16.842	16.5512	16.3214	15.9802	15.7556	15.2085	14.1773	12.0111	0.754437
setup	0	2023-12-04 23:00:00	12.0894	421.401	172.368	13.8096	350.067	0	56.9759	0	0	0	0	16.9774	10.1865	23.7684	16.9773	16.9598	16.9208	-99.99	16.9196	16.6306	16.4021	16.0627	15.8393	15.2949	14.2683	12.1076	0.760994
setup	0	2023-12-05 23:00:00	12.0899	421.21	172.164	13.6926	350.498	0	59.8419	0	0	0	0	17.0519	10.2312	23.8727	17.0518	17.0344	16.9957	-99.99	16.9945	16.7074	16.4802	16.1426	15.9202	15.3788	14.3569	12.2029	0.767368
setup	0	2023-12-06 23:00:00	12.0904	421.032	171.97	13.5884	350.914	0	65.6088	0	0	0	0	17.1237	10.2742	23.9732	17.1236	17.1052	17.0643	-99.99	17.063	16.7686	16.5409	16.2055	15.9859	15.4514	14.4412	12.2969	0.773108
setup	0	2023-12-07 23:00:00	12.0909	420.867	171.787	13.4976	351.314	0	65.4797	0	0	0	0	17.1929	10.3157	24.07	17.1927	17.1755	17.1371	-99.99	17.1359	16.8545	16.6302	16.2966	16.0767	15.54	14.5267	12.3891	0.77932
setup	0	2023-12-08 23:00:00	12.0913	420.716	171.615	13.4206	351.7	0	71.597	0	0	0	0	17.2592	10.3555	24.1629	17.2591	17.2419	17.2035	-99.99	17.2023	16.9178	16.6908	16.3613	16.1445	15.6156	14.6139	12.4807	0.785002
setup	0	2023-12-09 23:00:00	12.0917	420.578	171.454	13.3579	352.069	0	69.9529	0	0	0	0	17.3229	10.3937	24.252	17.3228	17.3059	17.2682	-99.99	17.267	16.9897	16.7693	16.4423	16.2267	15.6988	14.6958	12.5715	0.790614
setup	0	2023-12-10 23:00:00	12.0921	420.454	171.304	13.3098	352.423	0	71.2397	0	0	0	0	17.3838	10.4303	24.3373	17.3836	17.3669	17.3296	-99.99	17.3285	17.0529	16.835	16.5107	16.2968	15.7733	14.7771	12.6611	0.795989
setup	0	2023-12-11 23:00:00	12.0925	420.345	171.164	13.2763	352.761	0	75.1908	0	0	0	0	17.4419	10.4651	24.4186	17.4417	17.4251	17.3881	-99.99	17.387	17.1102	16.8934	16.5755	16.3677	15.8507	14.8612	12.7499	0.801025
setup	0	2023-12-12 23:00:00	12.0928	420.25	171.036	13.2576	353.083	0	73.1347	0	0	0	0	17.4972	10.4983	24.496	17.497	17.4806	17.4441	-99.99	17.4429	17.1728	16.9591	16.6412	16.4312	15.917	14.9362	12.8381	0.80596
setup	0	2023-12-13 23:00:00	12.0931	420.169	170.919	13.247	353.389	0	73.2792	0	0	0	0	17.5497	10.5298	24.5695	17.5495	17.5331	17.4964	-99.99	17.4952	17.2258	17.014	16.6988	16.4906	15.9811	15.0089	12.9243	0.810581
setup	0	2023-12-14 23:00:00	12.0934	420.104	170.814	13.2373	353.679	0	73.2265	0	0	0	0	17.5993	10.5596	24.6391	17.5992	17.583	17.5468	-99.99	17.5456	17.2796	17.0697	16.7568	16.5501	16.0444	15.0795	13.0085	0.815058
setup	0	2023-12-15 23:00:00	12.0936	420.053	170.72	13.2287	353.952	0	73.163	0	0	0	0	17.6461	10.5877	24.7046	17.646	17.6299	17.5941	-99.99	17.593	17.3295	17.1215	16.8113	16.6064	16.1052	15.1481	13.091	0.819287
setup	0	2023-12-16 23:00:00	12.0938	420.018	170.638	13.2212	354.209	0	75.815	0	0	0	0	17.6901	10.6141	24.7661	17.69	17.6733	17.6363	-99.99	17.6352	17.365	17.157	16.8491	16.6466	16.1552	15.2146	13.172	0.823002
setup	0	2023-12-17 23:00:00	12.094	419.998	170.567	13.2148	354.449	0	73.6492	0	0	0	0	17.7312	10.6387	24.8237	17.731	17.7153	17.6803	-99.99	17.6792	17.4216	17.2179	16.9142	16.7135	16.221	15.2792	13.2511	0.826875
setup	0	2023-12-18 23:00:00	12.0941	419.993	170.508	13.2095	354.673	0	73.5694	0	0	0	0	17.7694	10.6616	24.8771	17.7692	17.7537	17.7192	-99.99	17.7181	17.4639	17.2628	16.9627	16.7642	16.2773	15.3441	13.329	0.830385
setup	0	2023-12-19 23:00:00	12.0942	420.004	170.461	13.2052	354.88	0	73.4758	0	0	0	0	17.8047	10.6828	24.9266	17.8046	17.7892	17.7551	-99.99	17.7541	17.5029	17.3042	17.0074	16.8111	16.3294	15.4055	13.4058	0.83364
setup	0	2023-12-20 23:00:00	12.0943	420.03	170.425	13.202	355.069	0	73.3794	0	0	0	0	17.8371	10.7023	24.9719	17.837	17.8218	17.7881	-99.99	17.7871	17.5389	17.3425	17.049	16.8548	16.3785	15.4642	13.4809	0.83664
setup	0	2023-12-21 23:00:00	12.0943	420.072	170.402	13.1999	355.242	0	73.2804	0	0	0	0	17.8666	10.7199	25.0132	17.8664	17.8515	17.8182	-99.99	17.8172	17.5721	17.3779	17.0878	16.8958	16.4249	15.5202	13.5543	0.839384
setup	0	2023-12-22 23:00:00	12.0943	420.129	170.389	13.1989	355.398	0	73.1675	0	0	0	0	17.8931	10.7359	25.0504	17.893	17.8783	17.8454	-99.99	17.8444	17.6023	17.4105	17.1238	16.9339	16.4686	15.5739	13.626	0.84187
setup	0	2023-12-23 23:00:00	12.0943	420.201	170.389	13.199	355.536	0	73.0497	0	0	0	0	17.9168	10.7501	25.0835	17.9166	17.9021	17.8697	-99.99	17.8686	17.6297	17.4403	17.157	16.9694	16.5097	15.6251	13.6959	0.844095
setup	0	2023-12-24 23:00:00	12.0943	420.289	170.401	13.2002	355.658	0	72.9301	0	0	0	0	17.9375	10.7625	25.1125	17.9373	17.923	17.891	-99.99	17.89	17.6542	17.4673	17.1875	17.0022	16.5482	15.674	13.7641	0.846058
setup	0	2023-12-25 23:00:00	12.0942	420.392	170.424	13.2025	355.762	0	74.7972	0	0	0	0	17.9552	10.7731	25.1373	17.9551	17.9401	17.9069	-99.99	17.9058	17.6688	17.4848	17.2094	17.0269	16.5803	15.7194	13.8305	0.847584
setup	0	2023-12-26 23:00:00	12.0941	420.511	170.458	13.2058	355.849	0	72.832	0	0	0	0	17.97	10.782	25.158	17.9699	17.9559	17.9248	-99.99	17.9238	17.6947	17.5129	17.2407	17.0602	16.6176	15.7643	13.8949	0.849141
setup	0	2023-12-27 23:00:00	12.0939	420.644	170.505	13.2102	355.918	0	72.7009	0	0	0	0	17.9819	10.7891	25.1746	17.9817	17.968	17.9374	-99.99	17.9364	17.7109	17.5319	17.2637	17.0857	16.6493	15.807	13.9578	0.850312
setup	0	2023-12-28 23:00:00	12.0937	420.793	170.563	13.2157	355.971	0	72.5648	0	0	0	0	17.9907	10.7944	25.187	17.9906	17.9771	17.947	-99.99	17.9461	17.724	17.5477	17.2834	17.108	16.6779	15.8471	14.019	0.851209
setup	0	2023-12-29 23:00:00	12.0935	420.956	170.632	13.2223	356.005	0	72.4272	0	0	0	0	17.9967	10.798	25.1953	17.9965	17.9832	17.9536	-99.99	17.9527	17.7342	17.5606	17.3003	17.1275	16.7038	15.8846	14.0785	0.851836
setup	0	2023-12-30 23:00:00	12.0933	421.133	170.713	13.2299	356.023	0	74.3917	0	0	0	0	17.9996	10.7998	25.1995	17.9995	17.986	17.956	-99.99	17.955	17.7355	17.5638	17.3078	17.1383	16.7228	15.9186	14.1362	0.852064
setup	0	2023-12-31 23:00:00	12.093	421.325	170.806	13.2386	356.023	0	72.3258	0	0	0	0	17.9996	10.7998	25.1995	17.9995	17.9866	17.958	-99.99	17.9571	17.7459	17.578	17.326	17.1587	16.7476	15.9519	14.1918	0.852225
setup	0	2024-01-01 23:00:00	12.0927	421.531	170.856	13.2441	356.016	0	72.1725	0	0	0	0	17.9985	10.7991	25.1979	17.9984	17.9858	17.9576	-99.99	17.9568	17.7492	17.5841	17.3362	17.1715	16.767	15.9832	14.2458	0.852212
setup	0	2024-01-02 23:00:00	12.0924	421.75	170.965	13.2544	355.99	0	74.2886	0	0	0	0	17.9941	10.7965	25.1917	17.994	17.982	17.9553	-99.99	17.9545	17.753	17.5894	17.3441	17.1814	16.7826	16.0114	14.2982	0.852107
setup	0	2024-01-03 23:00:00	12.092	421.983	171.085	13.2658	355.947	0	72.2251	0	0	0	0	17.9867	10.792	25.1814	17.9866	17.9749	17.9489	-99.99	17.9481	17.7508	17.5911	17.3511	17.1915	16.7997	16.0393	14.3487	0.851531
setup	0	2024-01-04 23:00:00	12.0916	422.229	171.216	13.2781	355.887	0	72.0814	0	0	0	0	17.9764	10.7859	25.167	17.9763	17.9649	17.9394	-99.99	17.9386	17.7453	17.5887	17.3532	17.1966	16.812	16.0645	14.3977	0.850679
setup	0	2024-01-05 23:00:00	12.0912	422.488	171.357	13.2914	355.809	0	71.9056	0	0	0	0	17.9632	10.7779	25.1485	17.9631	17.9502	17.9217	-99.99	17.9208	17.7198	17.5682	17.3399	17.1879	16.8143	16.085	14.445	0.849068
setup	0	2024-01-06 23:00:00	12.0908	422.759	171.51	13.3057	355.714	0	71.7243	0	0	0	0	17.947	10.7682	25.1258	17.9469	17.9354	17.9099	-99.99	17.9091	17.7208	17.5709	17.3452	17.195	16.8252	16.1046	14.49	0.847859
setup	0	2024-01-07 23:00:00	12.0903	423.042	171.673	13.321	355.602	0	71.5747	0	0	0	0	17.9279	10.7567	25.099	17.9278	17.9166	17.8917	-99.99	17.8909	17.7071	17.5604	17.3395	17.1924	16.8299	16.1226	14.5333	0.846217
setup	0	2024-01-08 23:00:00	12.0898	423.337	171.846	13.3372	355.472	0	71.4241	0	0	0	0	17.9058	10.7435	25.0682	17.9057	17.8948	17.8705	-99.99	17.8697	17.69	17.5466	17.3304	17.1864	16.8315	16.1379	14.5749	0.844304
setup	0	2024-01-09 23:00:00	12.0893	423.644	172.029	13.3544	355.326	0	71.2824	0	0	0	0	17.8809	10.7285	25.0332	17.8808	17.8701	17.8464	-99.99	17.8456	17.67	17.5298	17.3184	17.1775	16.8302	16.1506	14.6147	0.842128
setup	0	2024-01-10 23:00:00	12.0887	423.961	172.222	13.3725	355.163	0	71.1463	0	0	0	0	17.853	10.7118	24.9942	17.8529	17.8425	17.8193	-99.99	17.8186	17.6472	17.5102	17.3037	17.1659	16.8264	16.1609	14.6525	0.83969
setup	0	2024-01-11 23:00:00	12.0881	424.288	172.425	13.3915	354.982	0	71.0144	0	0	0	0	17.8222	10.6933	24.9511	17.8221	17.812	17.7894	-99.99	17.7887	17.6215	17.4878	17.2861	17.1516	16.82	16.1689	14.6884	0.836995
setup	0	2024-01-12 23:00:00	12.0875	424.626	172.638	13.4114	354.785	0	70.8851	0	0	0	0	17.7886	10.6731	24.904	17.7884	17.7786	17.7566	-99.99	17.7559	17.5929	17.4626	17.2659	17.1346	16.811	16.1744	14.7223	0.834043
setup	0	2024-01-13 23:00:00	12.0868	424.973	172.861	13.4321	354.571	0	70.749	0	0	0	0	17.752	10.6512	24.8528	17.7519	17.7423	17.7209	-99.99	17.7202	17.5615	17.4347	17.2429	17.115	16.7994	16.1776	14.7544	0.830839
setup	0	2024-01-14 23:00:00	12.0862	425.329	173.092	13.4553	354.341	0	70.6234	0	0	0	0	17.7126	10.6275	24.7976	17.7125	17.7031	17.6823	-99.99	17.6816	17.5274	17.4039	17.2173	17.0927	16.7853	16.1784	14.7844	0.827386
setup	0	2024-01-15 23:00:00	12.0855	425.693	173.332	13.4796	354.093	0	73.9538	0	0	0	0	17.6703	10.6022	24.7384	17.6702	17.6596	17.6362	-99.99	17.6354	17.4767	17.3537	17.1699	17.0485	16.7527	16.1709	14.8125	0.823224
setup	0	2024-01-16 23:00:00	12.0847	426.065	173.582	13.505	353.83	0	71.3582	0	0	0	0	17.6251	10.5751	24.6752	17.625	17.6166	17.5979	-99.99	17.5973	17.4572	17.3398	17.1621	17.0434	16.75	16.1704	14.8375	0.81963
setup	0	2024-01-17 23:00:00	12.084	426.445	173.84	13.5315	353.55	0	73.9075	0	0	0	0	17.5772	10.5463	24.608	17.577	17.5679	17.5476	-99.99	17.547	17.3891	17.2687	17.1003	16.9894	16.7139	16.1631	14.8619	0.815106
setup	0	2024-01-18 23:00:00	12.0832	426.831	174.106	13.5591	353.253	0	71.2995	0	0	0	0	17.5264	10.5158	24.5369	17.5262	17.5176	17.4983	-99.99	17.4977	17.3573	17.2485	17.085	16.9756	16.7016	16.1558	14.8838	0.810659
setup	0	2024-01-19 23:00:00	12.0824	427.224	174.38	13.5879	352.941	0	71.0463	0	0	0	0	17.4727	10.4836	24.4618	17.4726	17.4648	17.4474	-99.99	17.4468	17.3178	17.214	17.0561	16.9496	16.6822	16.1487	14.9044	0.806139
setup	0	2024-01-20 23:00:00	12.0816	427.622	174.662	13.6179	352.613	0	73.5989	0	0	0	0	17.4163	10.4498	24.3829	17.4162	17.4082	17.3903	-99.99	17.3897	17.2623	17.1609	17.0072	16.9042	16.6469	16.1345	14.9236	0.801298
setup	0	2024-01-21 23:00:00	12.0807	428.025	174.951	13.6492	352.269	0	71.1628	0	0	0	0	17.3572	10.4143	24.3	17.3571	17.3501	17.3347	-99.99	17.3342	17.2167	17.1205	16.9739	16.8748	16.625	16.1231	14.9405	0.796316
setup	0	2024-01-22 23:00:00	12.0798	428.433	175.248	13.6817	351.909	0	70.9034	0	0	0	0	17.2952	10.3771	24.2133	17.2951	17.2886	17.274	-99.99	17.2735	17.1616	17.0695	16.9288	16.8336	16.5928	16.1076	14.956	0.791041
setup	0	2024-01-23 23:00:00	12.0789	428.844	175.552	13.7155	351.533	0	72.3269	0	0	0	0	17.2306	10.3383	24.1228	17.2305	17.2241	17.21	-99.99	17.2096	17.1021	17.0136	16.8784	16.787	16.5558	16.0882	14.9696	0.785531
setup	0	2024-01-24 23:00:00	12.078	429.258	175.863	13.7506	351.142	0	70.408	0	0	0	0	17.1632	10.2979	24.0284	17.1631	17.1571	17.1438	-99.99	17.1434	17.0411	16.9568	16.8275	16.7398	16.5177	16.0666	14.9809	0.77982
setup	0	2024-01-25 23:00:00	12.0771	429.675	176.18	13.7872	350.736	0	70.1104	0	0	0	0	17.0931	10.2558	23.9303	17.093	17.0873	17.0747	-99.99	17.0743	16.9769	16.8964	16.7728	16.6889	16.4761	16.0422	14.9902	0.773902
setup	0	2024-01-26 23:00:00	12.0761	430.094	176.503	13.8253	350.315	0	72.4125	0	0	0	0	17.0203	10.2122	23.8284	17.0202	17.0136	16.999	-99.99	16.9986	16.8993	16.8203	16.7008	16.6207	16.4201	16.0111	14.9973	0.767332
setup	0	2024-01-27 23:00:00	12.0751	430.514	176.832	13.8649	349.879	0	70.0251	0	0	0	0	16.9449	10.1669	23.7228	16.9448	16.9396	16.9281	-99.99	16.9278	16.8412	16.7679	16.6553	16.5787	16.3838	15.9836	15.0015	0.76119
setup	0	2024-01-28 23:00:00	12.0741	430.934	177.167	13.9062	349.428	0	69.6585	0	0	0	0	16.8668	10.1201	23.6135	16.8667	16.8619	16.8513	-99.99	16.8509	16.7701	16.7011	16.5947	16.5221	16.3367	15.9537	15.0044	0.754721
setup	0	2024-01-29 23:00:00	12.0731	431.354	177.506	13.9492	348.963	0	69.2626	0	0	0	0	16.7861	10.0717	23.5006	16.786	16.7816	16.7716	-99.99	16.7713	16.6955	16.6306	16.5302	16.4615	16.2856	15.9203	15.0055	0.748058
setup	0	2024-01-30 23:00:00	12.072	431.774	177.851	13.994	348.484	0	70.5619	0	0	0	0	16.7029	10.0217	23.384	16.7028	16.6977	16.6865	-99.99	16.6861	16.6125	16.5511	16.4556	16.3905	16.2254	15.8817	15.0045	0.74103
setup	0	2024-01-31 23:00:00	12.071	432.191	178.201	14.0406	347.99	0	71.0246	0	0	0	0	16.617	9.97021	23.2638	16.6169	16.6121	16.6015	-99.99	16.6011	16.5176	16.4481	16.3597	16.303	16.1561	15.8402	15.0011	0.733735
setup	0	2024-02-01 23:00:00	12.0699	432.607	178.554	14.0893	347.483	0	68.5698	0	0	0	0	16.5286	9.91719	23.1401	16.5286	16.525	16.5171	-99.99	16.5168	16.4562	16.4034	16.3203	16.2628	16.1137	15.7999	14.9948	0.726784
setup	0	2024-02-02 23:00:00	12.0688	433.019	178.912	14.1401	346.961	0	68.0212	0	0	0	0	16.4378	9.86265	23.0129	16.4377	16.4344	16.4272	-99.99	16.427	16.3717	16.3236	16.2476	16.1946	16.056	15.7599	14.9874	0.719481
setup	0	2024-02-03 23:00:00	12.0676	433.428	179.273	14.1931	346.427	0	69.834	0	0	0	0	16.3444	9.80663	22.8821	16.3443	16.3402	16.3312	-99.99	16.3309	16.2676	16.2143	16.1437	16.0971	15.976	15.7108	14.9786	0.711642
setup	0	2024-02-04 23:00:00	12.0665	433.833	179.638	14.2485	345.879	0	67.3207	0	0	0	0	16.2485	9.74913	22.748	16.2485	16.2458	16.2397	-99.99	16.2396	16.1937	16.1537	16.0896	16.0444	15.9248	15.6649	14.9667	0.704202
setup	0	2024-02-05 23:00:00	12.0653	434.232	180.005	14.3063	345.318	0	67.5966	0	0	0	0	16.1503	9.69017	22.6104	16.1502	16.1479	16.1427	-99.99	16.1425	16.1023	16.0668	16.0096	15.9689	15.8597	15.6178	14.9536	0.696472
setup	0	2024-02-06 23:00:00	12.0641	434.626	180.375	14.3668	344.744	0	65.8948	0	0	0	0	16.0496	9.62977	22.4695	16.0495	16.0475	16.0431	-99.99	16.043	16.0081	15.9769	15.926	15.8895	15.7903	15.5669	14.9389	0.6886
setup	0	2024-02-07 23:00:00	12.063	435.013	180.748	14.43	344.157	0	68.1945	0	0	0	0	15.9466	9.56795	22.3252	15.9465	15.9433	15.936	-99.99	15.9358	15.8814	15.8374	15.79	15.7622	15.6884	15.5056	14.9222	0.680036
setup	0	2024-02-08 23:00:00	12.0617	435.393	181.122	14.4961	343.559	0	64.8799	0	0	0	0	15.8412	9.50472	22.1777	15.8411	15.8397	15.8366	-99.99	15.8365	15.81	15.7861	15.7461	15.7168	15.6358	15.449	14.9014	0.672259
setup	0	2024-02-09 23:00:00	12.0605	435.766	181.499	14.5653	342.948	0	66.3272	0	0	0	0	15.7335	9.4401	22.0269	15.7334	15.7313	15.7267	-99.99	15.7266	15.6964	15.6654	15.6433	15.6196	15.553	15.3912	14.8798	0.663715
setup	0	2024-02-10 23:00:00	12.0593	436.13	181.876	14.6376	342.325	0	63.3841	0	0	0	0	15.6235	9.37412	21.873	15.6235	15.6227	15.621	-99.99	15.621	15.6065	15.5842	15.5661	15.5455	15.4848	15.3337	14.8564	0.655576
setup	0	2024-02-11 23:00:00	12.058	436.484	182.254	14.7132	341.691	0	62.3104	0	0	0	0	15.5113	9.30679	21.7158	15.5113	15.5109	15.51	-99.99	15.51	15.5014	15.4859	15.4723	15.4562	15.4059	15.2735	14.8319	0.647165
setup	0	2024-02-12 23:00:00	12.0567	436.829	182.633	14.7923	341.045	0	61.1616	0	0	0	0	15.3969	9.23813	21.5556	15.3968	15.3967	15.3966	-99.99	15.3966	15.3932	15.384	15.3747	15.3628	15.3229	15.2098	14.8056	0.638641
setup	0	2024-02-13 23:00:00	12.0555	437.164	183.012	14.8751	340.388	0	59.9453	0	0	0	0	15.2803	9.16817	21.3924	15.2802	15.2804	15.2809	-99.99	15.2809	15.2826	15.2812	15.2745	15.2668	15.2372	15.1432	14.7772	0.63002
setup	0	2024-02-14 23:00:00	12.0542	437.487	183.392	14.9615	339.72	0	58.6278	0	0	0	0	15.1615	9.09691	21.2261	15.1615	15.1615	15.1615	-99.99	15.1615	15.1717	15.1768	15.1747	15.1702	15.1495	15.0742	14.7467	0.621213
setup	0	2024-02-15 23:00:00	12.0528	437.799	183.77	15.0519	339.042	0	57.1545	0	0	0	0	15.0407	9.02439	21.0569	15.0406	15.0413	15.0429	-99.99	15.043	15.0542	15.0642	15.0681	15.0695	15.0619	15.0061	14.7144	0.612448
setup	0	2024-02-16 23:00:00	12.0515	438.099	184.148	15.1462	338.353	0	55.6301	0	0	0	0	14.9177	8.95063	20.8848	14.9177	14.9188	14.9213	-99.99	14.9213	14.9384	14.9545	14.962	14.9668	14.968	14.9314	14.6802	0.603622
setup	0	2024-02-17 23:00:00	12.0502	438.385	184.525	15.2447	337.655	0	54.0069	0	0	0	0	14.7927	8.87564	20.7098	14.7927	14.7941	14.7973	-99.99	14.7974	14.8198	14.842	14.8535	14.8623	14.8732	14.8553	14.6436	0.59472
setup	0	2024-02-18 23:00:00	12.0488	438.658	184.901	15.3473	336.946	0	55.0957	0	0	0	0	14.6658	8.79945	20.5321	14.6657	14.6671	14.6702	-99.99	14.6703	14.696	14.7234	14.7386	14.7513	14.7725	14.7756	14.6048	0.585776
setup	0	2024-02-19 23:00:00	12.0475	438.916	185.274	15.4542	336.228	0	53.6046	0	0	0	0	14.5368	8.72208	20.3515	14.5368	14.538	14.5409	-99.99	14.541	14.5679	14.6018	14.6216	14.639	14.6715	14.6947	14.5638	0.576657
setup	0	2024-02-20 23:00:00	12.0461	439.16	185.646	15.5654	335.501	0	49.4944	0	0	0	0	14.4059	8.64356	20.1683	14.4059	14.4081	14.413	-99.99	14.4131	14.4494	14.4897	14.5134	14.5345	14.5754	14.6142	14.5208	0.567668
setup	0	2024-02-21 23:00:00	12.0447	439.389	186.015	15.681	334.765	0	47.4742	0	0	0	0	14.2732	8.5639	19.9824	14.2731	14.2757	14.2815	-99.99	14.2817	14.3238	14.3706	14.3985	14.4236	14.4741	14.5313	14.4763	0.558589
setup	0	2024-02-22 23:00:00	12.0433	439.601	186.382	15.801	334.02	0	45.3646	0	0	0	0	14.1386	8.48314	19.794	14.1385	14.1414	14.1479	-99.99	14.1481	14.1956	14.2487	14.2807	14.3098	14.3702	14.4462	14.43	0.549469
setup	0	2024-02-23 23:00:00	12.0419	439.797	186.745	15.9252	333.267	0	43.1645	0	0	0	0	14.0021	8.40129	19.603	14.0021	14.0055	14.0131	-99.99	14.0133	14.0687	14.1264	14.1618	14.1946	14.2644	14.3591	14.3818	0.540349
setup	0	2024-02-24 23:00:00	12.0405	439.977	187.105	16.0537	332.505	0	40.8202	0	0	0	0	13.864	8.31837	19.4095	13.8639	13.8674	13.8751	-99.99	13.8753	13.9314	13.9962	14.0367	14.0747	14.1562	14.271	14.332	0.531033
setup	0	2024-02-25 23:00:00	12.0391	440.139	187.461	16.1864	331.736	0	41.0591	0	0	0	0	13.724	8.23442	19.2137	13.724	13.7275	13.7354	-99.99	13.7356	13.7945	13.865	13.9094	13.9512	14.0431	14.1783	14.2802	0.521796
setup	0	2024-02-26 23:00:00	12.0377	440.283	187.814	16.323	330.959	0	36.3918	0	0	0	0	13.5824	8.14946	19.0154	13.5824	13.5866	13.5961	-99.99	13.5964	13.6649	13.742	13.7901	13.8352	13.9349	14.0858	14.2262	0.512674
setup	0	2024-02-27 23:00:00	12.0362	440.408	188.162	16.4634	330.175	0	33.9878	0	0	0	0	13.4392	8.06351	18.8149	13.4392	13.4437	13.454	-99.99	13.4543	13.5283	13.6119	13.6641	13.7132	13.8226	13.9919	14.1707	0.503497
setup	0	2024-02-28 23:00:00	12.0348	440.515	188.505	16.6074	329.384	0	34.6007	0	0	0	0	13.2943	7.9766	18.6121	13.2943	13.2989	13.309	-99.99	13.3093	13.3846	13.4738	13.5303	13.5839	13.7045	13.8948	14.1134	0.494244
setup	0	2024-02-29 23:00:00	12.0333	440.603	188.844	16.7545	328.586	0	29.5709	0	0	0	0	13.1479	7.88876	18.4071	13.1479	13.1531	13.1647	-99.99	13.165	13.249	13.3133	13.4046	13.4618	13.5907	13.7973	14.0542	0.48512
setup	0	2024-03-01 23:00:00	12.0319	440.671	189.177	16.9044	327.782	0	32.7333	0	0	0	0	13	7.8	18.2	13	13.0043	13.0139	-99.99	13.0142	13.096	13.1971	13.2614	13.323	13.464	13.6944	13.9933	0.475824
setup	0	2024-03-02 23:00:00	12.0304	440.719	189.505	17.0568	326.971	0	26.7199	0	0	0	0	12.8506	7.71036	17.9908	12.8506	12.856	12.8682	-99.99	12.8686	12.9599	13.0321	13.1355	13.2008	13.3498	13.5943	13.9302	0.466775
setup	0	2024-03-03 23:00:00	12.0289	440.747	189.828	17.211	326.155	0	26.9025	0	0	0	0	12.6998	7.61986	17.7797	12.6997	12.7056	12.7185	-99.99	12.7189	12.8161	12.8927	13.0021	13.0712	13.2294	13.4919	13.8658	0.457671
setup	0	2024-03-04 23:00:00	12.0275	440.754	190.144	17.3665	325.333	0	27.6519	0	0	0	0	12.5476	7.52853	17.5666	12.5475	12.5525	12.5637	-99.99	12.564	12.654	12.7332	12.8489	12.923	13.0949	13.3836	13.7998	0.448303
setup	0	2024-03-05 23:00:00	12.026	440.74	190.454	17.5227	324.506	0	24.615	0	0	0	0	12.394	7.4364	17.3516	12.394	12.3997	12.4123	-99.99	12.4127	12.5125	12.5964	12.7175	12.7947	12.9738	13.2765	13.7313	0.439289
setup	0	2024-03-06 23:00:00	12.0245	440.705	190.758	17.6788	323.674	0	21.2328	0	0	0	0	12.2391	7.34349	17.1348	12.2391	12.2458	12.2608	-99.99	12.2613	12.3706	12.4587	12.5854	12.6661	12.853	13.1706	13.6614	0.430376
setup	0	2024-03-07 23:00:00	12.023	440.649	191.055	17.8341	322.838	0	19.56	0	0	0	0	12.083	7.24983	16.9163	12.083	12.0902	12.106	-99.99	12.1065	12.2224	12.3148	12.4476	12.5319	12.7276	13.0625	13.5905	0.421438
setup	0	2024-03-08 23:00:00	12.0215	440.571	191.345	17.9878	321.997	0	17.9712	0	0	0	0	11.9257	7.15544	16.696	11.9257	11.9332	11.9498	-99.99	11.9503	12.0714	12.168	12.3068	12.3951	12.6001	12.9526	13.5181	0.412532
setup	0	2024-03-09 23:00:00	12.02	440.471	191.628	18.139	321.152	0	21.5121	0	0	0	0	11.7673	7.06037	16.4742	11.7673	11.7738	11.7883	-99.99	11.7888	11.9031	12.0428	12.1385	12.2327	12.4546	12.8363	13.4441	0.403424
setup	0	2024-03-10 23:00:00	12.0185	440.349	191.903	18.2868	320.303	0	17.2504	0	0	0	0	11.6077	6.96462	16.2508	11.6077	11.6156	11.6333	-99.99	11.6338	11.7631	11.9168	12.0153	12.1105	12.3337	12.7227	13.3675	0.394764
setup	0	2024-03-11 23:00:00	12.017	440.204	192.171	18.4301	319.45	0	16.0449	0	0	0	0	11.4471	6.86824	16.0259	11.4471	11.4554	11.474	-99.99	11.4746	11.6102	11.7181	11.8734	11.9726	12.2045	12.6098	13.2899	0.386045
setup	0	2024-03-12 23:00:00	12.0154	440.037	192.432	18.5681	318.595	0	14.9436	0	0	0	0	11.2854	6.77125	15.7996	11.2854	11.2941	11.3134	-99.99	11.314	11.4549	11.5668	11.7283	11.8314	12.0724	12.4948	13.2112	0.37737
setup	0	2024-03-13 23:00:00	12.0139	439.848	192.684	18.6997	317.736	0	19.1637	0	0	0	0	11.1228	6.67368	15.5719	11.1228	11.131	11.1493	-99.99	11.1499	11.2843	11.446	11.5538	11.6621	11.9217	12.3744	13.1313	0.368567
setup	0	2024-03-14 23:00:00	12.0124	439.636	192.928	18.824	316.875	0	15.0055	0	0	0	0	10.9593	6.57556	15.343	10.9593	10.9686	10.9895	-99.99	10.9901	11.1426	11.3186	11.4313	11.5403	11.7974	12.2543	13.0487	0.360154
setup	0	2024-03-15 23:00:00	12.0109	439.402	193.164	18.94	316.011	0	14.1114	0	0	0	0	10.7949	6.47691	15.1128	10.7949	10.8046	10.8263	-99.99	10.8269	10.9853	11.1681	11.2852	11.3985	11.6646	12.1369	12.9651	0.351702
setup	0	2024-03-16 23:00:00	12.0094	439.145	193.392	19.0468	315.145	0	13.3785	0	0	0	0	10.6296	6.37777	14.8815	10.6296	10.6397	10.662	-99.99	10.6627	10.8262	10.953	11.1362	11.2534	11.5287	12.0173	12.8807	0.343315
setup	0	2024-03-17 23:00:00	12.0078	438.866	193.611	19.1435	314.278	0	12.767	0	0	0	0	10.4636	6.27817	14.6491	10.4636	10.474	10.497	-99.99	10.4977	10.666	10.7967	10.9857	11.1067	11.3911	11.8961	12.7951	0.335002
setup	0	2024-03-18 23:00:00	12.0063	438.563	193.821	19.2293	313.409	0	12.2485	0	0	0	0	10.2969	6.17813	14.4156	10.2969	10.3075	10.3312	-99.99	10.3319	10.505	10.6394	10.834	10.9588	11.2521	11.7736	12.7082	0.326769
setup	0	2024-03-19 23:00:00	12.0048	438.239	194.022	19.3035	312.538	0	11.8026	0	0	0	0	10.1295	6.07768	14.1813	10.1295	10.1404	10.1647	-99.99	10.1655	10.3431	10.4812	10.6814	10.8098	11.1119	11.6497	12.6199	0.318618
setup	0	2024-03-20 23:00:00	12.0032	437.892	194.215	19.3655	311.667	0	11.4119	0	0	0	0	9.96143	5.97686	13.946	9.96188	9.98034	9.99787	-99.99	9.99834	10.1806	10.3223	10.5278	10.6598	10.9707	11.5247	12.5302	0.310603
setup	0	2024-03-21 23:00:00	12.0017	437.522	194.399	19.4148	310.795	0	11.0611	0	0	0	0	9.79281	5.87568	13.7099	9.79328	9.81218	9.83014	-99.99	9.83062	10.0173	10.1626	10.3735	10.509	10.8284	11.3986	12.4392	0.30265
setup	0	2024-03-22 23:00:00	12.0002	437.131	194.573	19.451	309.923	0	10.7385	0	0	0	0	9.62366	5.7742	13.4731	9.62414	9.64349	9.66187	-99.99	9.66236	9.85349	10.0022	10.2183	10.3573	10.6852	11.2714	12.3468	0.294691
setup	0	2024-03-23 23:00:00	11.9986	436.717	194.738	19.4739	309.05	0	10.4357	0	0	0	0	9.45404	5.67242	13.2357	9.45453	9.47432	9.49311	-99.99	9.4936	9.68908	9.84127	10.0625	10.2049	10.5411	11.1432	12.2532	0.2869
setup	0	2024-03-24 23:00:00	11.9971	436.282	194.894	19.4895	308.177	0	14.6315	0	0	0	0	9.28398	5.57039	12.9976	9.28444	9.30278	9.3202	-99.99	9.32066	9.50608	9.65585	9.88195	10.0299	10.3817	11.0097	12.1583	0.279022
setup	0	2024-03-25 23:00:00	11.9956	435.825	195.041	19.5043	307.305	0	11.4819	0	0	0	0	9.11355	5.46813	12.759	9.11407	9.13446	9.15384	-99.99	9.15435	9.3562	9.51361	9.7429	9.89096	10.2428	10.8777	12.061	0.271551
setup	0	2024-03-26 23:00:00	11.9941	435.347	195.178	19.5181	306.434	0	11.0564	0	0	0	0	8.94279	5.36568	12.5199	8.94332	8.96425	8.98414	-99.99	8.98466	9.19172	9.35308	9.58796	9.73943	10.0988	10.7478	11.9629	0.264067
setup	0	2024-03-27 23:00:00	11.9925	434.848	195.306	19.5309	305.563	0	14.1251	0	0	0	0	8.77175	5.26305	12.2805	8.77225	8.79169	8.81016	-99.99	8.81064	9.01372	9.17805	9.41897	9.5749	9.94544	10.614	11.8641	0.256537
setup	0	2024-03-28 23:00:00	11.991	434.328	195.425	19.5428	304.694	0	11.4234	0	0	0	0	8.60049	5.16029	12.0407	8.60102	8.62213	8.64218	-99.99	8.64271	8.85498	9.02256	9.26708	9.42512	9.80083	10.4809	11.7637	0.249324
setup	0	2024-03-29 23:00:00	11.9895	433.788	195.534	19.5538	303.826	0	11.0057	0	0	0	0	8.42905	5.05743	11.8007	8.4296	8.45128	8.47188	-99.99	8.47243	8.68979	8.86088	9.11025	9.27128	9.654	10.3478	11.6625	0.242148
setup	0	2024-03-30 23:00:00	11.988	433.227	195.634	19.5639	302.96	0	13.989	0	0	0	0	8.25748	4.95449	11.5605	8.25803	8.27963	8.30015	-99.99	8.30069	8.51736	8.68734	8.93962	9.10443	9.49857	10.2122	11.5604	0.235003
setup	0	2024-03-31 23:00:00	11.9864	432.647	195.725	19.573	302.095	0	11.3085	0	0	0	0	8.08583	4.8515	11.3202	8.08641	8.10892	8.13032	-99.99	8.13088	8.35447	8.53135	8.78921	8.95586	9.35291	10.076	11.4568	0.228061
setup	0	2024-04-01 23:00:00	11.9849	432.048	195.806	19.5812	301.233	0	10.8835	0	0	0	0	7.91417	4.7485	11.0798	7.91475	7.93771	7.95953	-99.99	7.96011	8.18782	8.36806	8.6309	8.80074	9.20507	9.94131	11.3522	0.221194
setup	0	2024-04-02 23:00:00	11.9834	431.43	195.878	19.5884	300.373	0	13.6447	0	0	0	0	7.74252	4.64551	10.8395	7.74312	7.7666	7.7889	-99.99	7.78949	8.02169	8.20278	8.46903	8.64042	9.05168	9.80597	11.2472	0.214421
setup	0	2024-04-03 23:00:00	11.9819	430.793	195.941	19.5948	299.516	0	11.1148	0	0	0	0	7.57095	4.54257	10.5993	7.57157	7.59568	7.61859	-99.99	7.6192	7.85777	8.0436	8.3142	8.4889	8.90522	9.66772	11.1409	0.207782
setup	0	2024-04-04 23:00:00	11.9804	430.138	195.995	19.6002	298.662	0	10.6674	0	0	0	0	7.39951	4.43971	10.3593	7.40013	7.42458	7.44781	-99.99	7.44842	7.6904	7.87921	8.1545	8.33239	8.75632	9.53149	11.0337	0.201232
setup	0	2024-04-05 23:00:00	11.9789	429.466	196.039	19.6047	297.811	0	10.2484	0	0	0	0	7.22825	4.33695	10.1195	7.22888	7.25368	7.27724	-99.99	7.27786	7.52339	7.71507	7.99478	8.17565	8.6068	9.39487	10.9258	0.194793
setup	0	2024-04-06 23:00:00	11.9774	428.777	196.075	19.6083	296.963	0	9.85529	0	0	0	0	7.05721	4.23432	9.88009	7.05785	7.083	7.1069	-99.99	7.10753	7.35658	7.55109	7.83507	8.01881	8.45695	9.25787	10.8172	0.188462
setup	0	2024-04-07 23:00:00	11.9759	428.071	196.101	19.611	296.119	0	9.48468	0	0	0	0	6.88645	4.13187	9.64103	6.8871	6.9126	6.93683	-99.99	6.93746	7.18997	7.38722	7.67538	7.8619	8.30688	9.12048	10.7079	0.182241
setup	0	2024-04-08 23:00:00	11.9744	427.35	196.119	19.6128	295.279	0	10.4281	0	0	0	0	6.71602	4.02961	9.40242	6.71665	6.74152	6.76515	-99.99	6.76577	7.01795	7.218	7.51082	7.70059	8.15364	8.98172	10.5978	0.176069
setup	0	2024-04-09 23:00:00	11.9729	426.613	196.128	19.6138	294.443	0	9.22042	0	0	0	0	6.54596	3.92758	9.16435	6.54662	6.57224	6.59657	-99.99	6.59721	6.85394	7.0563	7.35244	7.54443	8.00316	8.84278	10.4868	0.170091
setup	0	2024-04-10 23:00:00	11.9714	425.861	196.129	19.6139	293.611	0	8.8628	0	0	0	0	6.37634	3.8258	8.92687	6.377	6.40305	6.42779	-99.99	6.42844	6.6889	6.89385	7.19373	7.38814	7.85279	8.70403	10.375	0.164205
setup	0	2024-04-11 23:00:00	11.9699	425.095	196.121	19.6132	292.784	0	8.5273	0	0	0	0	6.20719	3.72432	8.69007	6.20787	6.23426	6.25933	-99.99	6.25999	6.52376	6.73124	7.03488	7.23176	7.70243	8.56523	10.2626	0.158424
setup	0	2024-04-12 23:00:00	11.9685	424.316	196.105	19.6116	291.962	0	8.20877	0	0	0	0	6.03857	3.62314	8.454	6.03926	6.06596	6.09133	-99.99	6.092	6.35888	6.5688	6.87612	7.07545	7.55209	8.42631	10.1497	0.152751
setup	0	2024-04-13 23:00:00	11.967	423.524	196.08	19.6092	291.144	0	7.90415	0	0	0	0	5.87053	3.52232	8.21875	5.87122	5.89822	5.92387	-99.99	5.92455	6.19441	6.4067	6.71758	6.91929	7.40179	8.28726	10.0362	0.147186
setup	0	2024-04-14 23:00:00	11.9656	422.72	196.048	19.6061	290.332	0	7.61136	0	0	0	0	5.70312	3.42187	7.98437	5.70382	5.7311	5.75702	-99.99	5.7577	6.03044	6.24501	6.55936	6.76339	7.2516	8.14809	9.9221	0.141729
setup	0	2024-04-15 23:00:00	11.9641	421.904	196.008	19.6021	289.525	0	7.32733	0	0	0	0	5.53639	3.32183	7.75094	5.53709	5.5647	5.59093	-99.99	5.59162	5.86735	6.08399	6.40159	6.60784	7.10158	8.00884	9.80748	0.136384
setup	0	2024-04-16 23:00:00	11.9627	421.077	195.961	19.5974	288.724	0	7.03217	0	0	0	0	5.37038	3.22223	7.51853	5.3711	5.39921	5.42592	-99.99	5.42662	5.70541	5.92379	6.24435	6.45272	6.95192	7.86971	9.69237	0.131155
setup	0	2024-04-17 23:00:00	11.9612	420.24	195.906	19.592	287.928	0	6.75564	0	0	0	0	5.20514	3.12309	7.2872	5.20587	5.23432	5.26134	-99.99	5.26205	5.54407	5.76472	6.08837	6.2987	6.80276	7.73051	9.57679	0.126026
setup	0	2024-04-18 23:00:00	11.9598	419.394	195.844	19.5858	287.139	0	6.49175	0	0	0	0	5.04073	3.02444	7.05703	5.04147	5.07018	5.09745	-99.99	5.09817	5.38284	5.60556	5.93231	6.14468	6.65378	7.59143	9.46077	0.121
setup	0	2024-04-19 23:00:00	11.9584	418.539	195.775	19.579	286.355	0	6.23694	0	0	0	0	4.87719	2.92632	6.82807	4.87793	4.90689	4.9344	-99.99	4.93512	5.22229	5.44698	5.77671	5.99107	6.50509	7.45241	9.34435	0.116079
setup	0	2024-04-20 23:00:00	11.957	417.675	195.699	19.5715	285.578	0	5.98979	0	0	0	0	4.71458	2.82875	6.60041	4.71532	4.74452	4.77225	-99.99	4.77298	5.06253	5.2891	5.62169	5.83797	6.35677	7.31349	9.22754	0.111264
setup	0	2024-04-21 23:00:00	11.9556	416.805	195.617	19.5633	284.808	0	5.7494	0	0	0	0	4.55293	2.73176	6.3741	4.55368	4.5831	4.61105	-99.99	4.61178	4.90362	5.13199	5.46732	5.68546	6.20886	7.17473	9.11038	0.106552
setup	0	2024-04-22 23:00:00	11.9542	415.928	195.529	19.5545	284.044	0	5.51505	0	0	0	0	4.39229	2.63538	6.14921	4.39305	4.42269	4.45085	-99.99	4.45159	4.74561	4.97571	5.31367	5.53358	6.06143	7.03617	8.99288	0.101944
setup	0	2024-04-23 23:00:00	11.9529	415.045	195.434	19.5451	283.287	0	5.28619	0	0	0	0	4.23272	2.53963	5.92581	4.23348	4.26333	4.29169	-99.99	4.29243	4.58856	4.8203	5.16079	5.3824	5.91453	6.89786	8.8751	0.0974381
setup	0	2024-04-24 23:00:00	11.9515	414.157	195.334	19.5351	282.538	0	5.06236	0	0	0	0	4.07426	2.44456	5.70396	4.07503	4.10508	4.13362	-99.99	4.13437	4.4325	4.66582	5.00872	5.23196	5.76822	6.75985	8.75705	0.093034
setup	0	2024-04-25 23:00:00	11.9501	413.265	195.228	19.5246	281.795	0	4.84318	0	0	0	0	3.91696	2.35017	5.48374	3.91773	3.94797	3.9767	-99.99	3.97745	4.27749	4.51232	4.85752	5.08232	5.62252	6.62217	8.63878	0.0887305
setup	0	2024-04-26 23:00:00	11.9488	412.369	195.117	19.5135	281.061	0	4.62833	0	0	0	0	3.76086	2.25651	5.2652	3.76163	3.79206	3.82096	-99.99	3.82172	4.12358	4.35985	4.70724	4.93353	5.47751	6.48487	8.52033	0.0845266
setup	0	2024-04-27 23:00:00	11.9475	411.471	195.001	19.5019	280.333	0	4.41757	0	0	0	0	3.606	2.1636	5.04841	3.60678	3.63738	3.66645	-99.99	3.66722	3.97082	4.20846	4.55793	4.78564	5.33322	6.34799	8.40171	0.0804212
setup	0	2024-04-28 23:00:00	11.9462	410.571	194.88	19.4899	279.614	0	4.21072	0	0	0	0	3.45245	2.07147	4.83343	3.45323	3.484	3.51322	-99.99	3.51399	3.81924	4.05818	4.40964	4.6387	5.18971	6.21158	8.28298	0.0764131
setup	0	2024-04-29 23:00:00	11.9449	409.669	194.755	19.4774	278.903	0	4.00765	0	0	0	0	3.30023	1.98014	4.62033	3.30102	3.33194	3.36131	-99.99	3.36209	3.6689	3.90906	4.26241	4.49274	5.04701	6.07568	8.16417	0.0725014
setup	0	2024-04-30 23:00:00	11.9436	408.767	194.625	19.4645	278.199	0	3.80824	0	0	0	0	3.1494	1.88964	4.40916	3.15019	3.18126	3.21077	-99.99	3.21155	3.51983	3.76115	4.11627	4.34782	4.90517	5.94034	8.04531	0.0686847
setup	0	2024-05-01 23:00:00	11.9423	407.866	194.492	19.4512	277.504	0	3.61238	0	0	0	0	3	1.8	4.2	3.00079	3.032	3.06164	-99.99	3.06242	3.37208	3.61448	3.97127	4.20396	4.76424	5.80559	7.92643	0.0649619
setup	0	2024-05-02 23:00:00	11.941	406.966	194.355	19.4375	276.818	0	3.42	0	0	0	0	2.85207	1.71124	3.9929	2.85287	2.8842	2.91397	-99.99	2.91475	3.22569	3.4691	3.82746	4.06122	4.62426	5.67147	7.80758	0.0613318
setup	0	2024-05-03 23:00:00	11.9398	406.068	194.215	19.4235	276.14	0	4.34005	0	0	0	0	2.70566	1.6234	3.78793	2.70644	2.7372	2.76642	-99.99	2.76719	3.07372	3.31545	3.67475	3.91036	4.4793	5.53638	7.68876	0.057755
setup	0	2024-05-04 23:00:00	11.9386	405.173	194.071	19.4092	275.471	0	4.7224	0	0	0	0	2.56081	1.53649	3.58513	2.5616	2.59283	2.62249	-99.99	2.62327	2.93444	3.17854	3.53802	3.77293	4.33826	5.40015	7.56949	0.054325
setup	0	2024-05-05 23:00:00	11.9373	404.281	193.925	19.3947	274.81	0	3.50596	0	0	0	0	2.41756	1.45054	3.38459	2.41836	2.44965	2.47938	-99.99	2.48016	2.79185	3.03721	3.39767	3.63286	4.20082	5.26493	7.44973	0.0509644
setup	0	2024-05-06 23:00:00	11.9361	403.394	193.777	19.3799	274.159	0	3.89909	0	0	0	0	2.27596	1.36558	3.18634	2.27676	2.30843	2.3385	-99.99	2.3393	2.6538	2.90038	3.26285	3.49924	4.07032	5.13263	7.32989	0.0477076
setup	0	2024-05-07 23:00:00	11.935	402.511	193.626	19.3648	273.517	0	3.10392	0	0	0	0	2.13604	1.28163	2.99046	2.13685	2.16866	2.19888	-99.99	2.19967	2.51542	2.76264	3.12634	3.36368	3.93616	5.00369	7.21012	0.044526
setup	0	2024-05-08 23:00:00	11.9338	401.635	193.474	19.3496	272.884	0	2.88103	0	0	0	0	1.99786	1.19871	2.797	1.99866	2.03053	2.0608	-99.99	2.06159	2.3779	2.62558	2.99011	3.22805	3.80246	4.87522	7.09103	0.0414254
setup	0	2024-05-09 23:00:00	11.9326	400.765	193.32	19.3343	272.261	0	2.66274	0	0	0	0	1.86144	1.11686	2.60601	1.86225	1.89415	1.92447	-99.99	1.92526	2.24203	2.4901	2.8554	3.09395	3.67019	4.74733	6.97259	0.0384087
setup	0	2024-05-10 23:00:00	11.9315	399.903	193.164	19.3188	271.647	0	2.45006	0	0	0	0	1.72683	1.0361	2.41756	1.72764	1.75958	1.78993	-99.99	1.79073	2.10788	2.35632	2.72235	2.96146	3.53936	4.62032	6.85467	0.0354747
setup	0	2024-05-11 23:00:00	11.9304	399.049	193.008	19.3032	271.042	0	2.2434	0	0	0	0	1.59407	0.956441	2.2317	1.59488	1.62685	1.65723	-99.99	1.65803	1.97549	2.22427	2.59096	2.83058	3.40994	4.49426	6.73721	0.0326221
