source	id	datetime	daylength[h]	solar_radiation[Wm-2]	sw_radiation_above_canopy_in[Wm-2]	sw_radiation_above_canopy_out[Wm-2]	lw_radiation_above_canopy_in[Wm-2]	lw_radiation_above_canopy_out[Wm-2]	latent_heat_out_top[Wm-2]	latent_heat_out_bottom[Wm-2]	sensible_heat_out_top[Wm-2]	sensible_heat_out_bottom[Wm-2]	energy[Jm-2]	temp_above_canopy_avg[oC]	temp_above_canopy_min[oC]	temp_above_canopy_max[oC]	temp_canopy_top[oC]	temp_canopy_middle[oC]	temp_canopy_bottom[oC]	temp_surfacewater[oC]	temp_soil_surface[oC]	temp_5cm[oC]	temp_10cm[oC]	temp_15cm[oC]	temp_20cm[oC]	temp_30cm[oC]	temp_50cm[oC]	temp_100cm[oC]	vpd[mbar]
setup	0	2018-07-27 23:00:00	11.9234	392.644	193.366	19.216	258.511	0	0	0	0	0	0	-1.01502	-1.42102	-0.60901	-1.98271	-0.469259	1.09903	-99.99	1.12381	1.16079	2.34632	3.81405	4.61072	6.05277	7.44409	7.98566	0.0458721
setup	0	2018-07-28 23:00:00	11.9244	393.384	193.555	19.235	258.907	0	0	0	0	0	0	-0.939186	-1.31486	-0.563512	-0.939106	-0.884701	-0.763519	-99.99	-0.759716	0.101963	0.748708	1.70754	2.31976	3.70884	5.82122	7.75839	0.0217038
setup	0	2018-07-29 23:00:00	11.9254	394.137	193.745	19.254	259.318	0	0	0	0	0	0	-0.860706	-1.20499	-0.516424	-0.860634	-0.811638	-0.702504	-99.99	-0.699079	0.635823	0.99728	1.57904	1.97882	2.97558	4.79116	7.2931	0.0199654
setup	0	2018-07-30 23:00:00	11.9264	394.9	193.934	19.273	259.743	0	0	0	0	0	0	-0.779601	-1.09144	-0.467761	-0.77951	-0.716981	-0.577703	-99.99	-0.573333	0.95923	1.27941	1.76037	2.07948	2.86053	4.32721	6.82369	0.0196239
setup	0	2018-07-31 23:00:00	11.9274	395.675	194.124	19.292	260.183	0	0	0	0	0	0	-0.695894	-0.974251	-0.417536	-0.695808	-0.636348	-0.503907	-99.99	-0.499751	0.951124	1.25071	1.69752	1.99186	2.70585	4.03609	6.44255	0.0179238
setup	0	2018-08-01 23:00:00	11.9285	396.459	194.313	19.311	260.638	0	0	0	0	0	0	-0.60961	-0.853454	-0.365766	-0.609531	-0.554263	-0.431159	-99.99	-0.427295	0.922116	1.20084	1.61651	1.89036	2.55503	3.79839	6.13101	0.0160641
setup	0	2018-08-02 23:00:00	11.9296	397.252	194.502	19.3299	261.108	0	0	0	0	0	0	-0.520775	-0.729085	-0.312465	-0.520702	-0.469425	-0.355209	-99.99	-0.351625	0.902275	1.16191	1.54963	1.80544	2.4279	3.60045	5.86592	0.0141472
setup	0	2018-08-03 23:00:00	11.9307	398.054	194.689	19.3487	261.592	0	0	0	0	0	0	-0.429415	-0.601182	-0.257649	-0.429347	-0.381679	-0.275501	-99.99	-0.272169	0.895575	1.13809	1.50082	1.74056	2.32562	3.43575	5.6353	0.0121858
setup	0	2018-08-04 23:00:00	11.9318	398.863	194.875	19.3674	262.09	0	0	0	0	0	0	-0.335558	-0.469781	-0.201335	-0.335495	-0.291069	-0.192115	-99.99	-0.18901	0.901341	1.12849	1.46877	1.69406	2.24545	3.29894	5.43242	0.0101771
setup	0	2018-08-05 23:00:00	11.9329	399.68	195.059	19.3859	262.604	0	0	0	0	0	0	-0.23923	-0.334922	-0.143538	-0.239172	-0.197675	-0.105246	-99.99	-0.102345	0.918091	1.13133	1.45129	1.66349	2.18423	3.18557	5.25289	0.00811511
setup	0	2018-08-06 23:00:00	11.9341	400.502	195.242	19.4095	263.131	0	0	0	0	0	0	-0.140461	-0.196645	-0.0842766	-0.140386	-0.0869472	0.032084	1.23634	0.0358194	1.27176	1.40757	1.63219	1.7925	2.21689	3.11113	5.09384	0.00714253
setup	0	2018-08-07 23:00:00	11.9353	401.33	195.422	19.4275	263.673	0	0	0	0	0	0	-0.0392796	-0.0549915	-0.0235678	-0.0391852	0.0289801	0.180812	1.43576	0.185577	1.61167	1.73091	1.91918	2.05033	2.39486	3.14192	4.96228	0.00600493
setup	0	2018-08-08 23:00:00	11.9364	402.163	195.599	19.4453	264.17	0	0.250374	0	0	0	0	0.0642839	0.0385703	0.0899975	0.0643824	0.135417	0.29364	1.53968	0.298605	1.75951	1.87969	2.06496	2.19135	2.51522	3.19629	4.86779	0.00640291
setup	0	2018-08-09 23:00:00	11.9377	403	195.773	19.4628	264.64	0	0.687696	0	0	0	0	0.170199	0.102119	0.238279	0.170296	0.240215	0.395953	1.5949	0.40084	1.83527	1.95741	2.14334	2.26868	2.58493	3.23323	4.79857	0.00826363
setup	0	2018-08-10 23:00:00	11.9389	403.84	195.945	19.48	265.122	0	1.14617	0	0	0	0	0.278434	0.16706	0.389808	0.278527	0.345007	0.493086	1.61572	0.497733	1.86801	1.99261	2.18064	2.30638	2.62027	3.25096	4.7422	0.0100146
setup	0	2018-08-11 23:00:00	11.9401	404.682	196.112	19.4916	265.615	0	1.62157	0	0	0	0	0.388957	0.233374	0.54454	0.389044	0.450389	0.587031	1.60943	0.591319	1.86898	1.99652	2.18774	2.31483	2.62961	3.25176	4.69164	0.011701
setup	0	2018-08-12 23:00:00	11.9414	405.526	196.276	19.508	266.118	0	2.11209	0	0	0	0	0.501736	0.301042	0.70243	0.501811	0.554166	0.670782	1.49167	0.674442	1.79031	1.93281	2.1411	2.27702	2.60659	3.23211	4.64271	0.0131562
setup	0	2018-08-13 23:00:00	11.9426	406.371	196.436	19.5241	266.633	0	2.61671	0	0	0	0	0.616736	0.370042	0.863431	0.616798	0.659527	0.754702	1.45039	0.757688	1.70718	1.8511	2.06421	2.20426	2.54507	3.18913	4.58991	0.0146246
setup	0	2018-08-14 23:00:00	11.9439	407.216	196.591	19.5397	267.158	0	3.1347	0	0	0	0	0.733925	0.440355	1.02749	0.733976	0.768713	0.846088	1.40001	0.848516	1.6531	1.79666	2.00929	2.14912	2.48993	3.13667	4.53262	0.01628
setup	0	2018-08-15 23:00:00	11.9452	408.06	196.741	19.5548	267.694	0	3.66554	0	0	0	0	0.853266	0.51196	1.19457	0.853306	0.879709	0.93852	-99.99	0.940366	1.59394	1.73818	1.95171	2.09208	2.43399	3.08223	4.47324	0.0179729
setup	0	2018-08-16 23:00:00	11.9465	408.903	196.887	19.5694	268.24	0	4.20879	0	0	0	0	0.974725	0.584835	1.36462	0.974754	0.992931	1.03342	-99.99	1.03469	1.5371	1.68095	1.89401	2.03422	2.37616	3.02535	4.41264	0.0197397
setup	0	2018-08-17 23:00:00	11.9478	409.744	197.027	19.5835	268.797	0	4.76409	0	0	0	0	1.09827	0.65896	1.53757	1.09829	1.10899	1.13284	-99.99	1.13358	1.49469	1.63587	1.84534	1.98353	2.32187	2.96816	4.35117	0.0216335
setup	0	2018-08-18 23:00:00	11.9492	410.582	197.161	19.597	269.364	0	5.33113	0	0	0	0	1.22385	0.734311	1.71339	1.22386	1.22852	1.23889	-99.99	1.23921	1.47986	1.61553	1.81717	1.95063	2.27948	2.91526	4.28957	0.0237108
setup	0	2018-08-19 23:00:00	11.9505	411.416	197.289	19.6099	269.942	0	5.9096	0	0	0	0	1.35145	0.810868	1.89202	1.35145	1.3523	1.3542	-99.99	1.35426	1.50727	1.63327	1.82148	1.94696	2.25967	2.87331	4.22883	0.0260406
setup	0	2018-08-20 23:00:00	11.9518	412.246	197.412	19.6222	270.529	0	4.52549	0	0	0	0	1.48101	0.888606	2.07341	1.48102	1.48593	1.49686	-99.99	1.49721	1.61152	1.71351	1.87389	1.98466	2.26944	2.84997	4.17227	0.0290747
setup	0	2018-08-21 23:00:00	11.9532	413.071	197.527	19.6338	271.126	0	2.39968	0	0	0	0	1.61251	0.967503	2.25751	1.61252	1.61901	1.63346	-99.99	1.63392	1.74297	1.83474	1.97752	2.07574	2.3293	2.8577	4.12369	0.0319683
setup	0	2018-08-22 23:00:00	11.9546	413.89	197.637	19.6448	271.734	0	2.60336	0	0	0	0	1.74589	1.04754	2.44425	1.74591	1.75167	1.76451	-99.99	1.76491	1.86192	1.94381	2.07209	2.16091	2.39215	2.88084	4.08568	0.0347735
setup	0	2018-08-23 23:00:00	11.956	414.702	197.739	19.6551	272.35	0	2.7846	0	0	0	0	1.88114	1.12868	2.63359	1.88115	1.88626	1.89765	-99.99	1.89801	1.9844	2.05736	2.17231	2.2524	2.46267	2.91399	4.05714	0.0376663
setup	0	2018-08-24 23:00:00	11.9574	415.507	197.834	19.6647	272.977	0	2.99096	0	0	0	0	2.01819	1.21091	2.82547	2.0182	2.02269	2.03268	-99.99	2.03299	2.10906	2.17373	2.27649	2.34857	2.53947	2.9555	4.03711	0.0406434
setup	0	2018-08-25 23:00:00	11.9588	416.304	197.921	19.6735	273.613	0	3.44862	0	0	0	0	2.15702	1.29421	3.01983	2.15703	2.16099	2.16982	-99.99	2.17009	2.23749	2.29491	2.38671	2.4508	2.62254	3.0044	4.02419	0.0437133
setup	0	2018-08-26 23:00:00	11.9602	417.092	198.001	19.6815	274.258	0	3.3605	0	0	0	0	2.29758	1.37855	3.21661	2.29759	2.30095	2.30843	-99.99	2.30866	2.36621	2.41574	2.49607	2.55343	2.70869	3.05908	4.0182	0.0468618
setup	0	2018-08-27 23:00:00	11.9616	417.871	198.073	19.6888	274.913	0	3.57107	0	0	0	0	2.43983	1.4639	3.41576	2.43984	2.44264	2.4489	-99.99	2.44909	2.49767	2.54011	2.60993	2.66039	2.79892	3.11829	4.0184	0.0501014
setup	0	2018-08-28 23:00:00	11.9631	418.64	198.136	19.6952	275.576	0	4.5282	0	0	0	0	2.58372	1.55023	3.61721	2.58373	2.58604	2.59118	-99.99	2.59134	2.63274	2.66929	2.72854	2.77197	2.89355	3.18237	4.02374	0.0534335
setup	0	2018-08-29 23:00:00	11.9645	419.399	198.192	19.7009	276.249	0	4.45125	0	0	0	0	2.72922	1.63753	3.82091	2.72923	2.73088	2.73456	-99.99	2.73468	2.76559	2.79486	2.84515	2.88273	2.98985	3.25043	4.03421	0.0568409
setup	0	2018-08-30 23:00:00	11.9659	420.146	198.239	19.7056	276.93	0	4.36002	0	0	0	0	2.87629	1.72577	4.0268	2.8763	2.87751	2.88021	-99.99	2.8803	2.90327	2.92599	2.96663	2.99794	3.08984	3.32191	4.04931	0.0603572
setup	0	2018-08-31 23:00:00	11.9674	420.881	198.277	19.7095	277.62	0	5.28078	0	0	0	0	3.02487	1.81492	4.23481	3.02488	3.02568	3.02746	-99.99	3.02752	3.04327	3.0598	3.09111	3.11628	3.19334	3.39695	4.0685	0.0639683
setup	0	2018-09-01 23:00:00	11.9689	421.603	198.306	19.7125	278.318	0	4.74128	0	0	0	0	3.17492	1.90495	4.44489	3.17493	3.17525	3.17595	-99.99	3.17598	3.18395	3.19428	3.21647	3.23563	3.29808	3.4751	4.09167	0.067666
setup	0	2018-09-02 23:00:00	11.9703	422.313	198.326	19.7146	279.025	0	5.45906	0	0	0	0	3.32641	1.99584	4.65697	3.32642	3.32625	3.3259	-99.99	3.32588	3.3263	3.33063	3.3439	3.35723	3.40552	3.55603	4.11839	0.0714588
setup	0	2018-09-03 23:00:00	11.9718	423.008	198.337	19.7158	279.74	0	5.26897	0	0	0	0	3.47928	2.08757	4.87099	3.47928	3.47868	3.47733	-99.99	3.47728	3.47031	3.46886	3.47355	3.48121	3.51565	3.63992	4.14865	0.0753493
setup	0	2018-09-04 23:00:00	11.9733	423.69	198.339	19.716	280.462	0	5.49807	0	0	0	0	3.63349	2.18009	5.08688	3.63349	3.63245	3.63013	-99.99	3.63006	3.61593	3.60879	3.60503	3.60711	3.62796	3.72653	4.18231	0.0793375
setup	0	2018-09-05 23:00:00	11.9748	424.357	198.331	19.7153	281.193	0	6.81272	0	0	0	0	3.78899	2.27339	5.30459	3.789	3.78733	3.78361	-99.99	3.78349	3.76235	3.74981	3.73825	3.73531	3.74393	3.81628	4.2191	0.0834059
setup	0	2018-09-06 23:00:00	11.9763	425.008	198.313	19.7136	281.931	0	6.0746	0	0	0	0	3.94574	2.36745	5.52404	3.94575	3.94386	3.93966	-99.99	3.93952	3.91212	3.89427	3.87437	3.86574	3.86019	3.90831	4.25896	0.0876094
setup	0	2018-09-07 23:00:00	11.9778	425.643	198.286	19.711	282.677	0	6.32302	0	0	0	0	4.1037	2.46222	5.74517	4.1037	4.10139	4.09623	-99.99	4.09607	4.06141	4.03802	4.01013	3.99631	3.97821	4.00225	4.30157	0.0918946
setup	0	2018-09-08 23:00:00	11.9793	426.263	198.249	19.7074	283.43	0	6.54792	0	0	0	0	4.2628	2.55768	5.96792	4.26281	4.26009	4.25405	-99.99	4.25386	4.2126	4.18389	4.14807	4.12903	4.09818	4.09815	4.34697	0.0962839
setup	0	2018-09-09 23:00:00	11.9808	426.865	198.202	19.7027	284.19	0	6.77491	0	0	0	0	4.42302	2.65381	6.19222	4.42302	4.41991	4.41299	-99.99	4.41277	4.36498	4.33106	4.28747	4.26331	4.21994	4.19616	4.39503	0.100775
setup	0	2018-09-10 23:00:00	11.9823	427.45	198.145	19.6971	284.957	0	7.00501	0	0	0	0	4.58429	2.75058	6.41801	4.58429	4.58079	4.573	-99.99	4.57275	4.51854	4.4795	4.42828	4.39909	4.34341	4.29623	4.44566	0.10537
setup	0	2018-09-11 23:00:00	11.9838	428.018	198.078	19.6905	285.731	0	7.23753	0	0	0	0	4.74658	2.84795	6.64521	4.74658	4.74269	4.73404	-99.99	4.73377	4.67324	4.62916	4.57045	4.5363	4.46852	4.39828	4.49876	0.11007
setup	0	2018-09-12 23:00:00	11.9853	428.568	198.001	19.6828	286.511	0	8.25036	0	0	0	0	4.90983	2.9459	6.87376	4.90983	4.90543	4.89564	-99.99	4.89534	4.82812	4.77888	4.71278	4.67381	4.59436	4.50192	4.55423	0.114863
setup	0	2018-09-13 23:00:00	11.9868	429.099	197.913	19.6741	287.298	0	7.88316	0	0	0	0	5.074	3.0444	7.1036	5.074	5.06932	5.05892	-99.99	5.05859	4.98567	4.93169	4.85824	4.81439	4.72292	4.60759	4.61185	0.119781
setup	0	2018-09-14 23:00:00	11.9884	429.612	197.816	19.6645	288.091	0	8.11794	0	0	0	0	5.23903	3.14342	7.33464	5.23903	5.23401	5.22284	-99.99	5.22249	5.14371	5.08499	5.00448	4.95595	4.85292	4.71526	4.67178	0.124801
setup	0	2018-09-15 23:00:00	11.9899	430.105	197.708	19.6538	288.89	0	8.34479	0	0	0	0	5.40488	3.24293	7.56683	5.40488	5.39951	5.38754	-99.99	5.38717	5.30247	5.23904	5.15151	5.09834	4.98392	4.82447	4.73394	0.129927
setup	0	2018-09-16 23:00:00	11.9914	430.58	197.59	19.642	289.695	0	8.57455	0	0	0	0	5.5715	3.3429	7.8001	5.5715	5.56577	5.55302	-99.99	5.55262	5.46207	5.394	5.29954	5.24179	5.11615	4.93521	4.7982	0.135161
setup	0	2018-09-17 23:00:00	11.9929	431.034	197.462	19.6293	290.505	0	8.80632	0	0	0	0	5.73884	3.44331	8.03438	5.73884	5.73276	5.71923	-99.99	5.7188	5.62251	5.54985	5.44858	5.38632	5.24962	5.04748	4.86448	0.140504
setup	0	2018-09-18 23:00:00	11.9945	431.469	197.323	19.6155	291.321	0	9.03866	0	0	0	0	5.90685	3.54411	8.26959	5.90685	5.90043	5.88612	-99.99	5.88567	5.78373	5.70657	5.59858	5.53188	5.38427	5.16121	4.93271	0.145957
setup	0	2018-09-19 23:00:00	11.996	431.884	197.175	19.6007	292.142	0	9.26986	0	0	0	0	6.07548	3.64529	8.50568	6.07548	6.06872	6.05366	-99.99	6.05319	5.94568	5.8641	5.74948	5.67841	5.52006	5.27636	5.00283	0.151519
setup	0	2018-09-20 23:00:00	11.9975	432.278	197.016	19.5849	292.967	0	9.49931	0	0	0	0	6.24469	3.74681	8.74256	6.24468	6.23758	6.22178	-99.99	6.22129	6.10832	6.02237	5.90123	5.82585	5.65692	5.39285	5.07479	0.157192
setup	0	2018-09-21 23:00:00	11.9991	432.652	196.847	19.5681	293.798	0	11.7261	0	0	0	0	6.41441	3.84864	8.98017	6.4144	6.40694	6.39032	-99.99	6.3898	6.27549	6.18731	6.05959	5.97872	5.79709	5.51118	5.14843	0.162972
setup	0	2018-09-22 23:00:00	12.0006	433.005	196.668	19.5503	294.633	0	10.3061	0	0	0	0	6.5846	3.95076	9.21844	6.58459	6.57683	6.55956	-99.99	6.55902	6.43607	6.34195	6.20838	6.12469	5.93501	5.63011	5.22345	0.168864
setup	0	2018-09-23 23:00:00	12.0021	433.338	196.479	19.5315	295.472	0	12.1792	0	0	0	0	6.75521	4.05312	9.45729	6.7552	6.74719	6.72935	-99.99	6.72879	6.60024	6.50194	6.36234	6.27458	6.07499	5.75145	5.3	0.174876
setup	0	2018-09-24 23:00:00	12.0036	433.65	196.281	19.5117	296.316	0	10.6443	0	0	0	0	6.92619	4.15571	9.69666	6.92617	6.91776	6.89904	-99.99	6.89845	6.76392	6.66109	6.51493	6.42298	6.21337	5.87053	5.37786	0.180983
setup	0	2018-09-25 23:00:00	12.0052	433.941	196.072	19.4909	297.163	0	12.7914	0	0	0	0	7.09748	4.25849	9.93648	7.09747	7.08918	7.07072	-99.99	7.07014	6.93717	6.77919	6.67761	6.58044	6.35778	5.99243	5.45695	0.187261
setup	0	2018-09-26 23:00:00	12.0067	434.211	195.854	19.4692	298.014	0	10.9692	0	0	0	0	7.26905	4.36143	10.1767	7.26903	7.2601	7.24021	-99.99	7.23958	7.09611	6.93117	6.82652	6.72639	6.49637	6.11476	5.53766	0.193563
setup	0	2018-09-27 23:00:00	12.0082	434.46	195.627	19.4465	298.868	0	11.1824	0	0	0	0	7.44083	4.4645	10.4172	7.44081	7.43157	7.41098	-99.99	7.41033	7.26174	7.09065	6.98192	6.87776	6.63787	6.23752	5.61978	0.200008
setup	0	2018-09-28 23:00:00	12.0098	434.688	195.39	19.4229	299.725	0	11.3924	0	0	0	0	7.61278	4.56767	10.6579	7.61276	7.60321	7.58195	-99.99	7.58128	7.42773	7.25069	7.138	7.02991	6.78038	6.36151	5.70336	0.206566
setup	0	2018-09-29 23:00:00	12.0113	434.895	195.144	19.3984	300.585	0	11.5913	0	0	0	0	7.78484	4.6709	10.8988	7.78482	7.77498	7.75306	-99.99	7.75237	7.59352	7.41079	7.29432	7.18242	6.92354	6.48656	5.78845	0.213233
setup	0	2018-09-30 23:00:00	12.0128	435.081	194.889	19.3729	301.448	0	14.4566	0	0	0	0	7.95696	4.77418	11.1398	7.95694	7.9467	7.9239	-99.99	7.92318	7.75861	7.56974	7.45034	7.33593	7.07126	6.61471	5.87487	0.219985
setup	0	2018-10-01 23:00:00	12.0143	435.247	194.625	19.3466	302.313	0	13.972	0	0	0	0	8.1291	4.87746	11.3807	8.12908	8.11839	8.09459	-99.99	8.09385	7.92691	7.73252	7.60872	7.4895	7.21272	6.74058	5.96273	0.226854
setup	0	2018-10-02 23:00:00	12.0158	435.392	194.352	19.3194	303.18	0	14.0017	0	0	0	0	8.3012	4.98072	11.6217	8.30118	8.29053	8.2668	-99.99	8.26606	8.09384	7.89565	7.76873	7.64617	7.36056	6.86994	6.05163	0.233876
setup	0	2018-10-03 23:00:00	12.0174	435.516	194.071	19.2914	304.049	0	13.1082	0	0	0	0	8.47321	5.08393	11.8625	8.47319	8.46216	8.43758	-99.99	8.43681	8.25927	8.05502	7.92432	7.79819	7.50428	6.9975	6.14198	0.240963
setup	0	2018-10-04 23:00:00	12.0189	435.62	193.782	19.2625	304.92	0	13.3039	0	0	0	0	8.64508	5.18705	12.1031	8.64506	8.63375	8.60856	-99.99	8.60777	8.42572	8.21605	8.08177	7.95207	7.64939	7.12579	6.23325	0.248167
setup	0	2018-10-05 23:00:00	12.0204	435.704	193.484	19.2328	305.792	0	13.4974	0	0	0	0	8.81676	5.29006	12.3435	8.81673	8.80516	8.77938	-99.99	8.77857	8.59215	8.37724	8.23947	8.1063	7.79508	7.25493	6.32563	0.255476
setup	0	2018-10-06 23:00:00	12.0219	435.768	193.179	19.2024	306.665	0	13.6877	0	0	0	0	8.9882	5.39292	12.5835	8.98817	8.97634	8.94998	-99.99	8.94915	8.75847	8.53844	8.39726	8.26071	7.94114	7.38476	6.41921	0.262889
setup	0	2018-10-07 23:00:00	12.0234	435.812	192.866	19.1711	307.539	0	13.8733	0	0	0	0	9.15935	5.49561	12.8231	9.15931	9.14722	9.1203	-99.99	9.11946	8.9246	8.69957	8.55506	8.41519	8.08746	7.51518	6.51396	0.270404
setup	0	2018-10-08 23:00:00	12.0249	435.837	192.546	19.1392	308.414	0	14.0539	0	0	0	0	9.33015	5.59809	13.0622	9.33011	9.31778	9.2903	-99.99	9.28944	9.09051	8.86059	8.71282	8.56971	8.23399	7.64613	6.60983	0.278019
setup	0	2018-10-09 23:00:00	12.0264	435.843	192.218	19.1065	309.289	0	15.8222	0	0	0	0	9.50055	5.70033	13.3008	9.50052	9.4881	9.46043	-99.99	9.45956	9.25782	9.0224	8.87106	8.72447	8.38055	7.77739	6.70677	0.285764
setup	0	2018-10-10 23:00:00	12.0278	435.829	191.884	19.0731	310.164	0	16.4646	0	0	0	0	9.67052	5.80231	13.5387	9.67048	9.65766	9.62911	-99.99	9.62822	9.42361	9.18285	9.02812	8.87827	8.52678	7.90913	6.80473	0.293552
setup	0	2018-10-11 23:00:00	12.0293	435.798	191.543	19.0391	311.039	0	15.5283	0	0	0	0	9.83998	5.90399	13.776	9.83994	9.82702	9.79823	-99.99	9.79733	9.58931	9.34556	9.18832	9.0357	8.67639	8.04253	6.90369	0.301454
setup	0	2018-10-12 23:00:00	12.0308	435.748	191.196	19.0045	311.913	0	15.6863	0	0	0	0	10.0089	6.00534	14.0125	10.0089	9.99574	9.9665	-99.99	9.96558	9.75385	9.50597	9.34596	9.19052	8.82399	8.17588	7.00381	0.309453
setup	0	2018-10-13 23:00:00	12.0323	435.68	190.843	18.9692	312.787	0	18.6421	0	0	0	0	10.1772	6.10634	14.2481	10.1772	10.1641	10.1349	-99.99	10.134	9.92081	9.67309	9.51299	9.35457	8.97802	8.31184	7.10461	0.317576
setup	0	2018-10-14 23:00:00	12.0337	435.595	190.484	18.9334	313.659	0	15.9947	0	0	0	0	10.3449	6.20695	14.4829	10.3449	10.3313	10.3012	-99.99	10.3002	10.0814	9.82598	9.661	9.50054	9.12094	8.4453	7.20641	0.325726
setup	0	2018-10-15 23:00:00	12.0352	435.492	190.119	18.897	314.53	0	16.1444	0	0	0	0	10.5119	6.30714	14.7167	10.5119	10.4981	10.4673	-99.99	10.4663	10.2432	9.98365	9.81583	9.65254	9.26606	8.57744	7.30885	0.333977
setup	0	2018-10-16 23:00:00	12.0366	435.374	189.749	18.8601	315.399	0	16.2911	0	0	0	0	10.6781	6.40689	14.9494	10.6781	10.6641	10.6329	-99.99	10.6319	10.4053	10.1415	9.97086	9.80481	9.41158	8.70997	7.41182	0.342323
setup	0	2018-10-17 23:00:00	12.038	435.239	189.375	18.8227	316.267	0	16.4316	0	0	0	0	10.8436	6.50616	15.181	10.8435	10.8293	10.7977	-99.99	10.7967	10.5668	10.299	10.1257	9.95698	9.55722	8.84283	7.51545	0.350751
setup	0	2018-10-18 23:00:00	12.0395	435.088	188.996	18.7849	317.132	0	16.5657	0	0	0	0	11.0082	6.60492	15.4115	11.0081	10.9937	10.9616	-99.99	10.9606	10.7275	10.4559	10.2801	10.1088	9.7027	8.97587	7.61977	0.359256
setup	0	2018-10-19 23:00:00	12.0409	434.922	188.613	18.7467	317.995	0	16.6934	0	0	0	0	11.1719	6.70315	15.6407	11.1719	11.1573	11.1247	-99.99	11.1237	10.8876	10.6122	10.4339	10.2601	9.84791	9.10898	7.72474	0.367837
setup	0	2018-10-20 23:00:00	12.0423	434.742	188.226	18.708	318.855	0	16.8147	0	0	0	0	11.3347	6.80081	15.8686	11.3346	11.3199	11.2869	-99.99	11.2859	11.0468	10.7678	10.5871	10.4109	9.99276	9.24209	7.83032	0.376488
setup	0	2018-10-21 23:00:00	12.0437	434.548	187.835	18.6691	319.712	0	24.6245	0	0	0	0	11.4965	6.89788	16.0951	11.4964	11.4816	11.4487	-99.99	11.4476	11.2069	10.9206	10.7371	10.559	10.1374	9.37917	7.93636	0.385216
setup	0	2018-10-22 23:00:00	12.0451	434.34	187.442	18.6297	320.566	0	18.7862	0	0	0	0	11.6572	6.99434	16.3201	11.6572	11.6422	11.6088	-99.99	11.6078	11.3657	11.0803	10.8952	10.7147	10.2855	9.51149	8.04304	0.393976
setup	0	2018-10-23 23:00:00	12.0465	434.119	187.045	18.5902	321.416	0	18.8876	0	0	0	0	11.8169	7.09014	16.5436	11.8168	11.8017	11.768	-99.99	11.7669	11.522	11.2338	11.0467	10.864	10.4294	9.6444	8.14972	0.402815
setup	0	2018-10-24 23:00:00	12.0478	433.885	186.646	18.5503	322.262	0	22.4656	0	0	0	0	11.9754	7.18526	16.7656	11.9754	11.9603	11.9268	-99.99	11.9257	11.6813	11.3912	11.2034	11.0202	10.5825	9.78075	8.25696	0.411765
setup	0	2018-10-25 23:00:00	12.0492	433.64	186.245	18.5103	323.104	0	19.317	0	0	0	0	12.1328	7.27967	16.9859	12.1327	12.1174	12.0832	-99.99	12.0822	11.8335	11.5403	11.3499	11.1639	10.7195	9.91321	8.36532	0.420684
setup	0	2018-10-26 23:00:00	12.0505	433.383	185.842	18.47	323.942	0	19.4017	0	0	0	0	12.2889	7.37335	17.2045	12.2889	12.2733	12.2388	-99.99	12.2377	11.9862	11.6896	11.497	11.3088	10.8592	10.0436	8.47348	0.429677
setup	0	2018-10-27 23:00:00	12.0519	433.115	185.437	18.4296	324.774	0	19.4864	0	0	0	0	12.4438	7.46627	17.4213	12.4437	12.4281	12.3932	-99.99	12.3921	12.1381	11.8386	11.644	11.4538	10.9993	10.1742	8.58153	0.43872
setup	0	2018-10-28 23:00:00	12.0532	432.838	185.031	18.3891	325.602	0	19.5651	0	0	0	0	12.5973	7.5584	17.6363	12.5973	12.5815	12.5463	-99.99	12.5452	12.2889	11.9866	11.7901	11.598	11.139	10.3046	8.68976	0.447804
setup	0	2018-10-29 23:00:00	12.0545	432.551	184.625	18.3485	326.424	0	19.6314	0	0	0	0	12.7495	7.64971	17.8493	12.7494	12.7335	12.6979	-99.99	12.6968	12.4389	12.134	11.9356	11.7416	11.278	10.4347	8.79824	0.456916
setup	0	2018-10-30 23:00:00	12.0558	432.255	184.218	18.3079	327.241	0	21.9157	0	0	0	0	12.9003	7.74017	18.0604	12.9002	12.8842	12.8486	-99.99	12.8475	12.587	12.2794	12.0793	11.8836	11.4158	10.5642	8.90697	0.466096
setup	0	2018-10-31 23:00:00	12.0571	431.951	183.811	18.2673	328.051	0	20.2497	0	0	0	0	13.0496	7.82977	18.2695	13.0495	13.0335	12.9977	-99.99	12.9966	12.7346	12.4254	12.2239	12.0267	11.5547	10.6941	9.01591	0.475269
setup	0	2018-11-01 23:00:00	12.0583	431.64	183.405	18.2267	328.855	0	20.2941	0	0	0	0	13.1974	7.91846	18.4764	13.1974	13.1812	13.1452	-99.99	13.1441	12.8803	12.569	12.366	12.1673	11.6915	10.8231	9.12514	0.484463
setup	0	2018-11-02 23:00:00	12.0596	431.322	182.999	18.1862	329.653	0	20.3364	0	0	0	0	13.3437	8.00624	18.6812	13.3436	13.3274	13.2911	-99.99	13.29	13.0245	12.7111	12.5067	12.3065	11.8271	10.9514	9.23451	0.493676
setup	0	2018-11-03 23:00:00	12.0608	430.997	182.594	18.1457	330.444	0	20.3652	0	0	0	0	13.4884	8.09306	18.8838	13.4883	13.4719	13.4354	-99.99	13.4342	13.1679	12.8524	12.6465	12.4448	11.9618	11.0789	9.34395	0.50289
setup	0	2018-11-04 23:00:00	12.0621	430.667	182.19	18.1055	331.228	0	20.3771	0	0	0	0	13.6315	8.1789	19.0841	13.6314	13.6149	13.578	-99.99	13.5768	13.3078	12.991	12.7843	12.5816	12.0957	11.2061	9.45341	0.512093
setup	0	2018-11-05 23:00:00	12.0633	430.332	181.789	18.0653	332.004	0	20.3979	0	0	0	0	13.7729	8.26375	19.2821	13.7728	13.7562	13.7191	-99.99	13.7179	13.4473	13.1286	12.9206	12.7166	12.2276	11.332	9.56286	0.52132
setup	0	2018-11-06 23:00:00	12.0645	429.993	181.389	18.0254	332.773	0	20.4116	0	0	0	0	13.9126	8.34757	19.4777	13.9125	13.8958	13.8585	-99.99	13.8573	13.5854	13.265	13.0557	12.8506	12.3588	11.4571	9.67218	0.530543
setup	0	2018-11-07 23:00:00	12.0656	429.65	180.992	17.9858	333.534	0	20.4179	0	0	0	0	14.0506	8.43034	19.6708	14.0505	14.0337	13.9962	-99.99	13.995	13.7218	13.3998	13.1895	12.9833	12.4888	11.5815	9.78136	0.539754
setup	0	2018-11-08 23:00:00	12.0668	429.305	180.598	17.9464	334.286	0	25.728	0	0	0	0	14.1867	8.51203	19.8614	14.1866	14.1693	14.1308	-99.99	14.1296	13.852	13.5268	13.3152	13.1081	12.6122	11.7031	9.89035	0.548906
setup	0	2018-11-09 23:00:00	12.0679	428.957	180.206	17.9073	335.03	0	24.2828	0	0	0	0	14.321	8.59262	20.0494	14.3209	14.3043	14.2674	-99.99	14.2662	13.9966	13.6718	13.459	13.2511	12.7507	11.8296	9.99855	0.558098
setup	0	2018-11-10 23:00:00	12.0691	428.608	179.819	17.8686	335.765	0	24.8123	0	0	0	0	14.4535	8.67209	20.2349	14.4534	14.4365	14.3989	-99.99	14.3977	14.123	13.7979	13.5855	13.3771	12.8758	11.952	10.1071	0.567234
setup	0	2018-11-11 23:00:00	12.0702	428.257	179.435	17.8303	336.491	0	27.7091	0	0	0	0	14.584	8.75041	20.4176	14.5839	14.5667	14.5285	-99.99	14.5273	14.2577	13.9357	13.7259	13.5165	13.0097	12.0766	10.2155	0.576259
setup	0	2018-11-12 23:00:00	12.0712	427.907	179.055	17.7923	337.207	0	23.8699	0	0	0	0	14.7126	8.82756	20.5976	14.7125	14.6956	14.658	-99.99	14.6568	14.3836	14.0594	13.8469	13.6379	13.1333	12.1986	10.324	0.585336
setup	0	2018-11-13 23:00:00	12.0723	427.557	178.68	17.7549	337.914	0	23.8707	0	0	0	0	14.8392	8.90352	20.7749	14.8391	14.8222	14.7846	-99.99	14.7835	14.5095	14.1837	13.9705	13.7608	13.2548	12.3174	10.432	0.594358
setup	0	2018-11-14 23:00:00	12.0734	427.208	178.309	17.7179	338.611	0	23.7891	0	0	0	0	14.9638	8.97826	20.9493	14.9637	14.9468	14.9091	-99.99	14.9079	14.6332	14.3066	14.0928	13.8826	13.3752	12.4348	10.5395	0.603324
setup	0	2018-11-15 23:00:00	12.0744	426.861	177.944	17.6814	339.298	0	23.729	0	0	0	0	15.0863	9.05176	21.1208	15.0862	15.0692	15.0315	-99.99	15.0304	14.755	14.4277	14.2135	14.0027	13.4942	12.551	10.6464	0.612228
setup	0	2018-11-16 23:00:00	12.0754	426.517	177.584	17.6455	339.974	0	23.6703	0	0	0	0	15.2067	9.124	21.2893	15.2066	15.1896	15.1519	-99.99	15.1507	14.8749	14.5471	14.3325	14.1213	13.6118	12.6661	10.7528	0.621064
setup	0	2018-11-17 23:00:00	12.0764	426.175	177.23	17.6101	340.639	0	23.5905	0	0	0	0	15.3249	9.19496	21.4549	15.3248	15.3077	15.2697	-99.99	15.2685	14.9909	14.6635	14.4488	14.2375	13.7274	12.7799	10.8587	0.629803
setup	0	2018-11-18 23:00:00	12.0773	425.837	176.882	17.5753	341.294	0	26.4853	0	0	0	0	15.441	9.26462	21.6175	15.4409	15.4238	15.3856	-99.99	15.3844	15.1063	14.777	14.5615	14.3499	13.8394	12.8915	10.9641	0.63851
setup	0	2018-11-19 23:00:00	12.0783	425.503	176.54	17.5412	341.937	0	24.4555	0	0	0	0	15.5549	9.33296	21.7769	15.5548	15.538	15.5004	-99.99	15.4992	15.2234	14.8954	14.6804	14.4686	13.9566	13.0043	11.0688	0.647123
setup	0	2018-11-20 23:00:00	12.0792	425.175	176.205	17.5078	342.569	0	24.3395	0	0	0	0	15.6666	9.39995	21.9332	15.6665	15.6496	15.6122	-99.99	15.611	15.3354	15.0076	14.7926	14.5809	14.0688	13.1154	11.1732	0.655626
setup	0	2018-11-21 23:00:00	12.0801	424.852	175.877	17.475	343.188	0	24.2397	0	0	0	0	15.776	9.46558	22.0864	15.7759	15.759	15.7216	-99.99	15.7204	15.445	15.1174	14.9024	14.6908	14.1786	13.2247	11.2771	0.664031
setup	0	2018-11-22 23:00:00	12.0809	424.535	175.557	17.443	343.796	0	24.128	0	0	0	0	15.8831	9.52983	22.2363	15.8829	15.8661	15.8285	-99.99	15.8274	15.5531	15.2256	15.0105	14.7988	14.2866	13.3323	11.3804	0.672321
setup	0	2018-11-23 23:00:00	12.0818	424.224	175.244	17.4118	344.392	0	23.9993	0	0	0	0	15.9878	9.59268	22.3829	15.9877	15.9708	15.9332	-99.99	15.932	15.6569	15.3304	15.116	14.9047	14.3933	13.4389	11.4829	0.680476
setup	0	2018-11-24 23:00:00	12.0826	423.921	174.938	17.3813	344.975	0	23.8822	0	0	0	0	16.0902	9.6541	22.5262	16.0901	16.0732	16.0356	-99.99	16.0344	15.7595	15.4333	15.2191	15.008	14.497	13.5433	11.5847	0.688546
setup	0	2018-11-25 23:00:00	12.0834	423.626	174.641	17.3516	345.545	0	23.7587	0	0	0	0	16.1901	9.71409	22.6662	16.19	16.1732	16.1357	-99.99	16.1345	15.86	15.5343	15.3204	15.1096	14.5993	13.6463	11.6856	0.696493
setup	0	2018-11-26 23:00:00	12.0842	423.339	174.352	17.3227	346.102	0	23.6287	0	0	0	0	16.2877	9.77262	22.8028	16.2876	16.2708	16.2334	-99.99	16.2322	15.9583	15.6332	15.4196	15.2092	14.6997	13.7478	11.7857	0.70431
setup	0	2018-11-27 23:00:00	12.0849	423.06	174.072	17.2947	346.647	0	23.4926	0	0	0	0	16.3828	9.82968	22.9359	16.3827	16.3659	16.3286	-99.99	16.3274	16.0542	15.7298	15.5167	15.3067	14.7983	13.8477	11.8849	0.711989
setup	0	2018-11-28 23:00:00	12.0856	422.791	173.8	17.2676	347.177	0	23.3504	0	0	0	0	16.4754	9.88525	23.0656	16.4753	16.4586	16.4214	-99.99	16.4202	16.1477	15.8242	15.6117	15.4022	14.895	13.9461	11.9831	0.719524
setup	0	2018-11-29 23:00:00	12.0863	422.532	173.538	17.2414	347.694	0	38.1577	0	0	0	0	16.5655	9.93931	23.1917	16.5654	16.5483	16.5102	-99.99	16.509	16.2312	15.9022	15.6893	15.4821	14.9847	14.0488	12.0805	0.726736
setup	0	2018-11-30 23:00:00	12.087	422.284	173.285	17.2161	348.197	0	26.8936	0	0	0	0	16.6531	9.99184	23.3143	16.6529	16.6365	16.6	-99.99	16.5989	16.3309	16.0101	15.7995	15.5918	15.0881	14.1427	12.1772	0.734037
setup	0	2018-12-01 23:00:00	12.0876	422.046	173.041	17.1918	348.686	0	26.7143	0	0	0	0	16.7381	10.0428	23.4333	16.7379	16.7217	16.6854	-99.99	16.6842	16.4178	16.0989	15.8895	15.6827	15.1811	14.2377	12.2724	0.741101
setup	0	2018-12-02 23:00:00	12.0883	421.819	172.807	17.1684	349.161	0	26.5337	0	0	0	0	16.8205	10.0923	23.5487	16.8204	16.8041	16.768	-99.99	16.7669	16.5018	16.1844	15.9759	15.7701	15.2706	14.3303	12.3669	0.747998
setup	0	2018-12-03 23:00:00	12.0888	421.604	172.583	17.146	349.622	0	26.3306	0	0	0	0	16.9003	10.1402	23.6604	16.9001	16.8838	16.8473	-99.99	16.8462	16.5795	16.2652	16.0579	15.8533	15.3566	14.4205	12.4605	0.754658
setup	0	2018-12-04 23:00:00	12.0894	421.401	172.368	17.1246	350.067	0	32.2142	0	0	0	0	16.9774	10.1865	23.7684	16.9773	16.9607	16.9237	-99.99	16.9226	16.657	16.3414	16.134	15.9298	15.4365	14.5072	12.5528	0.761023
setup	0	2018-12-05 23:00:00	12.0899	421.21	172.164	17.1042	350.498	0	27.7569	0	0	0	0	17.0519	10.2312	23.8727	17.0518	17.0359	17.0003	-99.99	16.9992	16.7393	16.4277	16.2225	16.0198	15.5264	14.5955	12.6437	0.767494
setup	0	2018-12-06 23:00:00	12.0904	421.032	171.971	17.0849	350.914	0	32.7626	0	0	0	0	17.1237	10.2742	23.9732	17.1236	17.1081	17.0735	-99.99	17.0725	16.8205	16.5135	16.312	16.1132	15.6232	14.6874	12.7341	0.773779
setup	0	2018-12-07 23:00:00	12.0909	420.867	171.788	17.0666	351.314	0	30.4997	0	0	0	0	17.1929	10.3157	24.07	17.1927	17.1765	17.1404	-99.99	17.1392	16.884	16.5771	16.3753	16.1758	15.6905	14.7707	12.8246	0.779535
setup	0	2018-12-08 23:00:00	12.0913	420.716	171.616	17.0494	351.7	0	28.2852	0	0	0	0	17.2592	10.3555	24.1629	17.2591	17.2435	17.2088	-99.99	17.2077	16.9538	16.6495	16.4488	16.2504	15.7666	14.8502	12.9128	0.785341
setup	0	2018-12-09 23:00:00	12.0917	420.578	171.454	17.0333	352.069	0	28.0943	0	0	0	0	17.3229	10.3937	24.252	17.3228	17.3074	17.2731	-99.99	17.272	17.0207	16.7188	16.5196	16.3225	15.8414	14.9295	12.9994	0.790915
setup	0	2018-12-10 23:00:00	12.0921	420.454	171.304	17.0183	352.423	0	30.7693	0	0	0	0	17.3838	10.4303	24.3373	17.3836	17.3679	17.3327	-99.99	17.3316	17.081	16.7793	16.5812	16.3854	15.9089	15.0052	13.0846	0.796175
setup	0	2018-12-11 23:00:00	12.0925	420.345	171.165	17.0044	352.761	0	33.5501	0	0	0	0	17.4419	10.4651	24.4186	17.4417	17.4266	17.3927	-99.99	17.3916	17.1492	16.8508	16.654	16.4596	15.9859	15.0856	13.1685	0.801389
setup	0	2018-12-12 23:00:00	12.0928	420.25	171.037	16.9916	353.083	0	85.2529	0	0	0	0	17.4972	10.4983	24.496	17.497	17.4822	17.4492	-99.99	17.4481	17.2035	16.9104	16.7167	16.5249	16.0555	15.163	13.2463	0.806271
setup	0	2018-12-13 23:00:00	12.0931	420.169	170.92	16.98	353.389	0	28.1595	0	0	0	0	17.5497	10.5298	24.5695	17.5495	17.5347	17.5017	-99.99	17.5006	17.2576	16.9668	16.7741	16.583	16.1155	15.2261	13.3224	0.810935
setup	0	2018-12-14 23:00:00	12.0934	420.104	170.815	16.9694	353.679	0	27.887	0	0	0	0	17.5993	10.5596	24.6391	17.5992	17.5844	17.5515	-99.99	17.5505	17.3086	17.0192	16.8281	16.6387	16.1757	15.2933	13.4021	0.815368
setup	0	2018-12-15 23:00:00	12.0936	420.053	170.721	16.9601	353.952	0	27.6182	0	0	0	0	17.6461	10.5877	24.7046	17.646	17.6314	17.5987	-99.99	17.5977	17.3579	17.0709	16.8814	16.6935	16.2345	15.3591	13.4808	0.819576
setup	0	2018-12-16 23:00:00	12.0938	420.018	170.639	16.9519	354.209	0	27.3453	0	0	0	0	17.6901	10.6141	24.7661	17.69	17.6755	17.6431	-99.99	17.6421	17.4046	17.1202	16.9324	16.7463	16.2913	15.4233	13.5581	0.823546
setup	0	2018-12-17 23:00:00	12.094	419.998	170.568	16.9448	354.449	0	27.0684	0	0	0	0	17.7312	10.6387	24.8237	17.731	17.7167	17.6847	-99.99	17.6837	17.4485	17.1669	16.9809	16.7966	16.346	15.4858	13.6339	0.827274
setup	0	2018-12-18 23:00:00	12.0941	419.993	170.509	16.9389	354.673	0	26.7879	0	0	0	0	17.7694	10.6616	24.8771	17.7693	17.755	17.7234	-99.99	17.7224	17.4897	17.2111	17.027	16.8445	16.3985	15.5463	13.7081	0.830757
setup	0	2018-12-19 23:00:00	12.0942	420.004	170.462	16.9342	354.88	0	26.504	0	0	0	0	17.8047	10.6828	24.9266	17.8046	17.7905	17.7592	-99.99	17.7582	17.5281	17.2525	17.0704	16.8899	16.4486	15.6047	13.7807	0.833989
setup	0	2018-12-20 23:00:00	12.0943	420.03	170.426	16.9306	355.069	0	26.2171	0	0	0	0	17.8371	10.7023	24.9719	17.837	17.8231	17.7922	-99.99	17.7912	17.5637	17.2913	17.1113	16.9328	16.4963	15.6611	13.8517	0.836969
setup	0	2018-12-21 23:00:00	12.0943	420.072	170.402	16.9283	355.242	0	25.9272	0	0	0	0	17.8666	10.7199	25.0132	17.8664	17.8527	17.8222	-99.99	17.8212	17.5965	17.3274	17.1494	16.973	16.5415	15.7152	13.921	0.839693
setup	0	2018-12-22 23:00:00	12.0943	420.129	170.39	16.9271	355.398	0	25.6348	0	0	0	0	17.8931	10.7359	25.0504	17.893	17.8795	17.8493	-99.99	17.8484	17.6265	17.3607	17.1849	17.0107	16.5843	15.7671	13.9886	0.84216
setup	0	2018-12-23 23:00:00	12.0943	420.201	170.39	16.927	355.536	0	25.3399	0	0	0	0	17.9168	10.7501	25.0835	17.9166	17.9033	17.8735	-99.99	17.8726	17.6537	17.3913	17.2178	17.0457	16.6246	15.8168	14.0546	0.844365
setup	0	2018-12-24 23:00:00	12.0943	420.289	170.401	16.9282	355.658	0	25.043	0	0	0	0	17.9375	10.7625	25.1125	17.9373	17.9242	17.8948	-99.99	17.8939	17.678	17.4191	17.2479	17.0781	16.6624	15.8643	14.1189	0.846308
setup	0	2018-12-25 23:00:00	12.0942	420.392	170.424	16.9305	355.762	0	24.7441	0	0	0	0	17.9552	10.7731	25.1373	17.9551	17.9421	17.9132	-99.99	17.9123	17.6995	17.4442	17.2753	17.1078	16.6977	15.9095	14.1816	0.847986
setup	0	2018-12-26 23:00:00	12.0941	420.511	170.459	16.934	355.849	0	24.4436	0	0	0	0	17.97	10.782	25.158	17.9699	17.9571	17.9286	-99.99	17.9277	17.7181	17.4665	17.3	17.1349	16.7305	15.9524	14.2426	0.849398
setup	0	2018-12-27 23:00:00	12.0939	420.644	170.506	16.9386	355.918	0	24.1416	0	0	0	0	17.9819	10.7891	25.1746	17.9817	17.9691	17.9411	-99.99	17.9402	17.7338	17.486	17.322	17.1593	16.7608	15.9931	14.302	0.850543
setup	0	2018-12-28 23:00:00	12.0937	420.793	170.564	16.9444	355.971	0	23.8384	0	0	0	0	17.9907	10.7944	25.187	17.9906	17.9782	17.9506	-99.99	17.9498	17.7467	17.5028	17.3413	17.1811	16.7885	16.0315	14.3597	0.851419
setup	0	2018-12-29 23:00:00	12.0935	420.956	170.633	16.9514	356.005	0	23.5342	0	0	0	0	17.9967	10.798	25.1953	17.9965	17.9844	17.9572	-99.99	17.9564	17.7567	17.5168	17.3579	17.2002	16.8137	16.0677	14.4156	0.852025
setup	0	2018-12-30 23:00:00	12.0933	421.133	170.714	16.9595	356.023	0	23.2293	0	0	0	0	17.9996	10.7998	25.1995	17.9995	17.9875	17.9609	-99.99	17.9601	17.7638	17.528	17.3718	17.2167	16.8364	16.1016	14.4699	0.852361
setup	0	2018-12-31 23:00:00	12.093	421.325	170.806	16.9687	356.023	0	22.9237	0	0	0	0	17.9996	10.7998	25.1995	17.9995	17.9878	17.9616	-99.99	17.9608	17.7681	17.5364	17.3829	17.2304	16.8565	16.1332	14.5225	0.852427
setup	0	2019-01-01 23:00:00	12.0927	421.532	170.91	16.979	356.005	0	22.6177	0	0	0	0	17.9967	10.798	25.1953	17.9965	17.985	17.9594	-99.99	17.9586	17.7695	17.5421	17.3913	17.2416	16.8741	16.1625	14.5733	0.852223
setup	0	2019-01-02 23:00:00	12.0924	421.752	171.025	16.9905	355.971	0	22.3116	0	0	0	0	17.9907	10.7944	25.187	17.9906	17.9793	17.9542	-99.99	17.9534	17.768	17.5449	17.3969	17.25	16.8892	16.1895	14.6224	0.851748
setup	0	2019-01-03 23:00:00	12.092	421.985	171.151	17.0031	355.918	0	22.0054	0	0	0	0	17.9819	10.7891	25.1746	17.9817	17.9707	17.946	-99.99	17.9453	17.7636	17.545	17.3999	17.2557	16.9017	16.2142	14.6697	0.851003
setup	0	2019-01-04 23:00:00	12.0916	422.232	171.287	17.0167	355.849	0	21.6995	0	0	0	0	17.97	10.782	25.158	17.9699	17.9591	17.935	-99.99	17.9342	17.7564	17.5422	17.4001	17.2588	16.9116	16.2366	14.7153	0.849989
setup	0	2019-01-05 23:00:00	12.0912	422.491	171.435	17.0315	355.762	0	21.3938	0	0	0	0	17.9552	10.7731	25.1373	17.9551	17.9445	17.9209	-99.99	17.9202	17.7463	17.5367	17.3976	17.2592	16.919	16.2566	14.7591	0.848707
setup	0	2019-01-06 23:00:00	12.0908	422.763	171.593	17.0473	355.658	0	21.0887	0	0	0	0	17.9375	10.7625	25.1125	17.9373	17.927	17.904	-99.99	17.9033	17.7333	17.5284	17.3923	17.2569	16.9239	16.2744	14.801	0.847158
setup	0	2019-01-07 23:00:00	12.0903	423.048	171.761	17.0641	355.536	0	20.7843	0	0	0	0	17.9168	10.7501	25.0835	17.9166	17.9066	17.8841	-99.99	17.8834	17.7175	17.5174	17.3843	17.252	16.9262	16.2898	14.8411	0.845344
setup	0	2019-01-08 23:00:00	12.0898	423.344	171.94	17.082	355.398	0	20.4808	0	0	0	0	17.8931	10.7359	25.0504	17.893	17.8832	17.8613	-99.99	17.8606	17.6988	17.5035	17.3736	17.2443	16.9259	16.3028	14.8795	0.843266
setup	0	2019-01-09 23:00:00	12.0893	423.651	172.129	17.1009	355.242	0	20.1782	0	0	0	0	17.8666	10.7199	25.0132	17.8665	17.8569	17.8355	-99.99	17.8349	17.6772	17.4869	17.3602	17.234	16.9231	16.3136	14.9159	0.840926
setup	0	2019-01-10 23:00:00	12.0887	423.97	172.329	17.1208	355.069	0	19.8768	0	0	0	0	17.8371	10.7023	24.9719	17.837	17.8277	17.8069	-99.99	17.8062	17.6529	17.4674	17.344	17.221	16.9177	16.322	14.9505	0.838327
setup	0	2019-01-11 23:00:00	12.0881	424.298	172.537	17.1416	354.88	0	19.5766	0	0	0	0	17.8047	10.6828	24.9266	17.8046	17.7955	17.7753	-99.99	17.7747	17.6256	17.4453	17.3251	17.2054	16.9097	16.328	14.9833	0.83547
setup	0	2019-01-12 23:00:00	12.0875	424.637	172.756	17.1635	354.673	0	19.2779	0	0	0	0	17.7694	10.6616	24.8771	17.7693	17.7605	17.7409	-99.99	17.7403	17.5956	17.4203	17.3035	17.187	16.8992	16.3317	15.0141	0.83236
setup	0	2019-01-13 23:00:00	12.0868	424.985	172.984	17.1862	354.449	0	18.9806	0	0	0	0	17.7312	10.6387	24.8237	17.7311	17.7225	17.7036	-99.99	17.703	17.5627	17.3927	17.2792	17.1661	16.8862	16.333	15.0431	0.828998
setup	0	2019-01-14 23:00:00	12.0862	425.343	173.221	17.2099	354.209	0	18.6851	0	0	0	0	17.6901	10.6141	24.7661	17.69	17.6817	17.6634	-99.99	17.6628	17.527	17.3622	17.2522	17.1424	16.8706	16.332	15.0702	0.825389
setup	0	2019-01-15 23:00:00	12.0855	425.708	173.466	17.2345	353.952	0	18.3913	0	0	0	0	17.6461	10.5877	24.7046	17.646	17.6381	17.6203	-99.99	17.6198	17.4885	17.3291	17.2225	17.1161	16.8524	16.3287	15.0954	0.821534
setup	0	2019-01-16 23:00:00	12.0847	426.082	173.721	17.2599	353.679	0	18.0994	0	0	0	0	17.5993	10.5596	24.6391	17.5992	17.5915	17.5744	-99.99	17.5739	17.4472	17.2932	17.1902	17.0872	16.8317	16.3229	15.1186	0.817439
setup	0	2019-01-17 23:00:00	12.084	426.463	173.984	17.2862	353.389	0	17.8095	0	0	0	0	17.5497	10.5298	24.5695	17.5496	17.5422	17.5257	-99.99	17.5252	17.4031	17.2546	17.1551	17.0557	16.8085	16.3149	15.1399	0.813106
setup	0	2019-01-18 23:00:00	12.0832	426.85	174.256	17.3133	353.083	0	17.5216	0	0	0	0	17.4972	10.4983	24.496	17.4971	17.49	17.4741	-99.99	17.4736	17.3562	17.2133	17.1174	17.0215	16.7827	16.3045	15.1593	0.80854
setup	0	2019-01-19 23:00:00	12.0824	427.244	174.535	17.3412	352.761	0	17.2359	0	0	0	0	17.4419	10.4651	24.4186	17.4418	17.4349	17.4198	-99.99	17.4193	17.3066	17.1692	17.077	16.9847	16.7544	16.2917	15.1767	0.803745
setup	0	2019-01-20 23:00:00	12.0816	427.644	174.822	17.3699	352.423	0	16.9525	0	0	0	0	17.3838	10.4303	24.3373	17.3837	17.3771	17.3626	-99.99	17.3622	17.2543	17.1226	17.034	16.9453	16.7236	16.2766	15.1922	0.798725
setup	0	2019-01-21 23:00:00	12.0807	428.049	175.116	17.3993	352.069	0	16.6714	0	0	0	0	17.3229	10.3937	24.252	17.3228	17.3166	17.3027	-99.99	17.3023	17.1992	17.0732	16.9884	16.9033	16.6903	16.2591	15.2058	0.793486
setup	0	2019-01-22 23:00:00	12.0798	428.457	175.418	17.4294	351.7	0	16.3927	0	0	0	0	17.2592	10.3555	24.1629	17.2591	17.2532	17.24	-99.99	17.2396	17.1414	17.0212	16.9401	16.8587	16.6545	16.2393	15.2173	0.788031
setup	0	2019-01-23 23:00:00	12.0789	428.87	175.726	17.4602	351.314	0	16.1165	0	0	0	0	17.1929	10.3157	24.07	17.1928	17.1871	17.1746	-99.99	17.1742	17.081	16.9665	16.8893	16.8116	16.6162	16.2172	15.227	0.782366
setup	0	2019-01-24 23:00:00	12.078	429.286	176.041	17.4917	350.914	0	15.8428	0	0	0	0	17.1237	10.2742	23.9732	17.1236	17.1183	17.1065	-99.99	17.1061	17.0178	16.9093	16.8358	16.7619	16.5755	16.1927	15.2346	0.776497
setup	0	2019-01-25 23:00:00	12.0771	429.704	176.363	17.5238	350.498	0	15.5718	0	0	0	0	17.0519	10.2312	23.8727	17.0518	17.0468	17.0356	-99.99	17.0353	16.952	16.8494	16.7798	16.7096	16.5323	16.1659	15.2403	0.770427
setup	0	2019-01-26 23:00:00	12.0761	430.124	176.69	17.5565	350.067	0	15.3034	0	0	0	0	16.9774	10.1865	23.7684	16.9773	16.9726	16.9621	-99.99	16.9618	16.8836	16.7869	16.7213	16.6549	16.4866	16.1369	15.2439	0.764163
setup	0	2019-01-27 23:00:00	12.0751	430.545	177.023	17.5898	349.622	0	15.0377	0	0	0	0	16.9003	10.1402	23.6604	16.9002	16.8958	16.886	-99.99	16.8857	16.8125	16.7219	16.6601	16.5976	16.4384	16.1055	15.2456	0.757711
setup	0	2019-01-28 23:00:00	12.0741	430.967	177.362	17.6236	349.161	0	14.7747	0	0	0	0	16.8205	10.0923	23.5487	16.8204	16.8163	16.8072	-99.99	16.8069	16.7389	16.6543	16.5965	16.5378	16.3879	16.0718	15.2454	0.751075
setup	0	2019-01-29 23:00:00	12.0731	431.388	177.706	17.658	348.686	0	14.5145	0	0	0	0	16.7381	10.0428	23.4333	16.738	16.7342	16.7258	-99.99	16.7256	16.6626	16.5842	16.5304	16.4756	16.3349	16.0358	15.2431	0.744262
setup	0	2019-01-30 23:00:00	12.072	431.808	178.054	17.6928	348.197	0	14.2572	0	0	0	0	16.6531	9.99184	23.3143	16.653	16.6495	16.6418	-99.99	16.6416	16.5839	16.5115	16.4617	16.4109	16.2796	15.9975	15.2388	0.737278
setup	0	2019-01-31 23:00:00	12.071	432.227	178.407	17.728	347.694	0	14.0027	0	0	0	0	16.5655	9.93931	23.1917	16.5654	16.5623	16.5553	-99.99	16.5551	16.5026	16.4364	16.3906	16.3437	16.2218	15.957	15.2326	0.730128
setup	0	2019-02-01 23:00:00	12.0699	432.643	178.764	17.7637	347.177	0	13.7511	0	0	0	0	16.4754	9.88525	23.0656	16.4753	16.4725	16.4663	-99.99	16.4661	16.4188	16.3588	16.3171	16.2741	16.1617	15.9141	15.2244	0.722819
setup	0	2019-02-02 23:00:00	12.0688	433.056	179.125	17.7997	346.647	0	13.5024	0	0	0	0	16.3828	9.82968	22.9359	16.3827	16.3802	16.3747	-99.99	16.3745	16.3325	16.2788	16.2411	16.2022	16.0992	15.8691	15.2142	0.715357
setup	0	2019-02-03 23:00:00	12.0676	433.466	179.489	17.8361	346.102	0	13.2567	0	0	0	0	16.2877	9.77262	22.8028	16.2876	16.2855	16.2806	-99.99	16.2805	16.2437	16.1963	16.1628	16.1278	16.0344	15.8218	15.202	0.707748
setup	0	2019-02-04 23:00:00	12.0665	433.871	179.856	17.8728	345.545	0	13.0139	0	0	0	0	16.1901	9.71409	22.6662	16.1901	16.1882	16.1841	-99.99	16.184	16.1525	16.1114	16.082	16.0511	15.9673	15.7723	15.1878	0.699999
setup	0	2019-02-05 23:00:00	12.0653	434.271	180.226	17.9098	344.975	0	12.774	0	0	0	0	16.0902	9.6541	22.5262	16.0901	16.0886	16.0852	-99.99	16.0851	16.059	16.0242	15.9989	15.972	15.8979	15.7206	15.1717	0.692115
setup	0	2019-02-06 23:00:00	12.0641	434.665	180.599	17.947	344.392	0	12.5372	0	0	0	0	15.9878	9.59268	22.3829	15.9877	15.9865	15.9839	-99.99	15.9838	15.963	15.9346	15.9135	15.8907	15.8263	15.6667	15.1535	0.684104
setup	0	2019-02-07 23:00:00	12.063	435.053	180.974	17.9844	343.796	0	12.3033	0	0	0	0	15.8831	9.52983	22.2363	15.883	15.8821	15.8802	-99.99	15.8801	15.8647	15.8427	15.8257	15.807	15.7523	15.6106	15.1334	0.675972
setup	0	2019-02-08 23:00:00	12.0617	435.433	181.35	18.022	343.188	0	12.0724	0	0	0	0	15.776	9.46558	22.0864	15.7759	15.7754	15.7742	-99.99	15.7741	15.7641	15.7485	15.7357	15.7211	15.6762	15.5523	15.1114	0.667725
setup	0	2019-02-09 23:00:00	12.0605	435.806	181.728	18.0598	342.569	0	11.8445	0	0	0	0	15.6666	9.39995	21.9332	15.6665	15.6663	15.6659	-99.99	15.6659	15.6612	15.652	15.6434	15.6329	15.5978	15.4919	15.0873	0.659369
setup	0	2019-02-10 23:00:00	12.0593	436.17	182.107	18.0976	341.937	0	11.6196	0	0	0	0	15.5549	9.33296	21.7769	15.5549	15.555	15.5553	-99.99	15.5553	15.556	15.5532	15.5489	15.5425	15.5172	15.4294	15.0613	0.650912
setup	0	2019-02-11 23:00:00	12.058	436.525	182.487	18.1356	341.294	0	11.3977	0	0	0	0	15.441	9.26462	21.6175	15.441	15.4414	15.4425	-99.99	15.4425	15.4487	15.4523	15.4522	15.45	15.4345	15.3648	15.0334	0.64236
setup	0	2019-02-12 23:00:00	12.0567	436.869	182.867	18.1735	340.639	0	11.1787	0	0	0	0	15.3249	9.19496	21.4549	15.3249	15.3257	15.3274	-99.99	15.3275	15.3391	15.3492	15.3533	15.3552	15.3496	15.298	15.0035	0.633718
setup	0	2019-02-13 23:00:00	12.0555	437.204	183.248	18.2115	339.974	0	10.9628	0	0	0	0	15.2067	9.124	21.2893	15.2066	15.2077	15.2102	-99.99	15.2103	15.2273	15.2439	15.2523	15.2583	15.2626	15.2292	14.9717	0.624995
setup	0	2019-02-14 23:00:00	12.0542	437.527	183.628	18.2495	339.298	0	10.7497	0	0	0	0	15.0863	9.05176	21.1208	15.0862	15.0877	15.0909	-99.99	15.091	15.1135	15.1365	15.1491	15.1593	15.1735	15.1583	14.9379	0.616196
setup	0	2019-02-15 23:00:00	12.0528	437.838	184.007	18.2873	338.611	0	10.5397	0	0	0	0	14.9638	8.97826	20.9493	14.9637	14.9655	14.9695	-99.99	14.9696	14.9975	15.027	15.0439	15.0583	15.0824	15.0854	14.9023	0.607327
setup	0	2019-02-16 23:00:00	12.0515	438.136	184.385	18.3251	337.914	0	10.3325	0	0	0	0	14.8392	8.90352	20.7749	14.8391	14.8413	14.846	-99.99	14.8461	14.8795	14.9155	14.9366	14.9552	14.9892	15.0105	14.8647	0.598396
setup	0	2019-02-17 23:00:00	12.0502	438.422	184.762	18.3628	337.207	0	10.1283	0	0	0	0	14.7126	8.82756	20.5976	14.7125	14.715	14.7205	-99.99	14.7206	14.7594	14.8019	14.8273	14.85	14.894	14.9336	14.8252	0.589408
setup	0	2019-02-18 23:00:00	12.0488	438.693	185.138	18.4003	336.491	0	9.92702	0	0	0	0	14.584	8.75041	20.4176	14.584	14.5868	14.593	-99.99	14.5931	14.6374	14.6864	14.716	14.7429	14.7968	14.8546	14.7838	0.58037
setup	0	2019-02-19 23:00:00	12.0475	438.951	185.511	18.4376	335.765	0	9.72859	0	0	0	0	14.4535	8.67209	20.2349	14.4534	14.4565	14.4635	-99.99	14.4637	14.5133	14.5689	14.6027	14.6338	14.6976	14.7738	14.7406	0.571287
setup	0	2019-02-20 23:00:00	12.0461	439.193	185.882	18.4746	335.03	0	9.53301	0	0	0	0	14.321	8.59262	20.0494	14.321	14.3244	14.3321	-99.99	14.3324	14.3874	14.4494	14.4875	14.5228	14.5966	14.691	14.6954	0.562167
setup	0	2019-02-21 23:00:00	12.0447	439.42	186.251	18.5114	334.286	0	9.34028	0	0	0	0	14.1867	8.51203	19.8614	14.1867	14.1904	14.1989	-99.99	14.1991	14.2596	14.3281	14.3705	14.4099	14.4936	14.6063	14.6484	0.553015
setup	0	2019-02-22 23:00:00	12.0433	439.631	186.616	18.5479	333.534	0	9.15035	0	0	0	0	14.0506	8.43034	19.6708	14.0505	14.0546	14.0638	-99.99	14.0641	14.13	14.2049	14.2515	14.2951	14.3887	14.5198	14.5996	0.543837
setup	0	2019-02-23 23:00:00	12.0419	439.825	186.979	18.5841	332.773	0	8.96322	0	0	0	0	13.9126	8.34757	19.4777	13.9126	13.917	13.9269	-99.99	13.9272	13.9985	14.0799	14.1308	14.1785	14.282	14.4313	14.5489	0.534639
setup	0	2019-02-24 23:00:00	12.0405	440.002	187.337	18.6199	332.004	0	8.77885	0	0	0	0	13.7729	8.26375	19.2821	13.7729	13.7776	13.7883	-99.99	13.7886	13.8653	13.9531	14.0082	14.0601	14.1735	14.3411	14.4964	0.525427
setup	0	2019-02-25 23:00:00	12.0391	440.162	187.692	18.6553	331.228	0	8.59722	0	0	0	0	13.6315	8.1789	19.0841	13.6315	13.6366	13.6479	-99.99	13.6483	13.7303	13.8246	13.8839	13.9399	14.0632	14.249	14.4422	0.516206
setup	0	2019-02-26 23:00:00	12.0377	440.303	188.042	18.6903	330.444	0	8.4183	0	0	0	0	13.4884	8.09306	18.8838	13.4884	13.4938	13.5059	-99.99	13.5063	13.5937	13.6944	13.7579	13.818	13.9512	14.1552	14.3861	0.506983
setup	0	2019-02-27 23:00:00	12.0362	440.427	188.388	18.7249	329.653	0	8.24205	0	0	0	0	13.3437	8.00624	18.6812	13.3437	13.3494	13.3622	-99.99	13.3626	13.4554	13.5625	13.6302	13.6945	13.8374	14.0596	14.3282	0.497762
setup	0	2019-02-28 23:00:00	12.0348	440.531	188.73	18.7589	328.855	0	8.06846	0	0	0	0	13.1974	7.91846	18.4764	13.1974	13.2035	13.217	-99.99	13.2174	13.3155	13.4289	13.5009	13.5692	13.722	13.9623	14.2686	0.48855
setup	0	2019-03-01 23:00:00	12.0333	440.615	189.066	18.7925	328.051	0	7.89749	0	0	0	0	13.0496	7.82977	18.2695	13.0496	13.056	13.0702	-99.99	13.0707	13.174	13.2938	13.3699	13.4424	13.6049	13.8632	14.2072	0.479351
setup	0	2019-03-02 23:00:00	12.0319	440.68	189.397	18.8255	327.241	0	7.7291	0	0	0	0	12.9003	7.74017	18.0604	12.9003	12.907	12.9219	-99.99	12.9224	13.0311	13.1572	13.2374	13.314	13.4862	13.7625	14.1442	0.470171
setup	0	2019-03-03 23:00:00	12.0304	440.725	189.722	18.858	326.424	0	7.56328	0	0	0	0	12.7495	7.64971	17.8493	12.7495	12.7565	12.7722	-99.99	12.7727	12.8866	13.019	13.1034	13.184	13.366	13.6602	14.0794	0.461014
setup	0	2019-03-04 23:00:00	12.0289	440.75	190.041	18.8898	325.602	0	7.39999	0	0	0	0	12.5973	7.5584	17.6363	12.5973	12.6047	12.621	-99.99	12.6216	12.7407	12.8794	12.9679	13.0525	13.2441	13.5563	14.0129	0.451885
setup	0	2019-03-05 23:00:00	12.0275	440.753	190.354	18.9211	324.774	0	7.23919	0	0	0	0	12.4438	7.46627	17.4213	12.4438	12.4514	12.4685	-99.99	12.4691	12.5934	12.7383	12.8309	12.9196	13.1208	13.4508	13.9447	0.44279
setup	0	2019-03-06 23:00:00	12.026	440.736	190.661	18.9517	323.942	0	7.08085	0	0	0	0	12.2889	7.37335	17.2045	12.2889	12.2969	12.3147	-99.99	12.3152	12.4447	12.5958	12.6925	12.7852	12.996	13.3437	13.8749	0.433732
setup	0	2019-03-07 23:00:00	12.0245	440.697	190.961	18.9816	323.104	0	6.92495	0	0	0	0	12.1328	7.27967	16.9859	12.1328	12.1411	12.1596	-99.99	12.1601	12.2948	12.452	12.5528	12.6495	12.8698	13.2351	13.8035	0.424717
setup	0	2019-03-08 23:00:00	12.023	440.636	191.254	19.0109	322.262	0	6.77144	0	0	0	0	11.9754	7.18526	16.7656	11.9754	11.984	12.0032	-99.99	12.0038	12.1435	12.3069	12.4117	12.5124	12.7421	13.125	13.7304	0.415748
setup	0	2019-03-09 23:00:00	12.0215	440.554	191.54	19.0394	321.416	0	6.6203	0	0	0	0	11.8169	7.09014	16.5436	11.8169	11.8258	11.8457	-99.99	11.8463	11.9911	12.1606	12.2694	12.374	12.6131	13.0135	13.6558	0.406831
setup	0	2019-03-10 23:00:00	12.02	440.449	191.818	19.0673	320.566	0	6.47149	0	0	0	0	11.6572	6.99434	16.3201	11.6572	11.6664	11.687	-99.99	11.6876	11.8375	12.013	12.1258	12.2343	12.4828	12.9005	13.5795	0.397968
setup	0	2019-03-11 23:00:00	12.0185	440.323	192.089	19.0943	319.712	0	6.32497	0	0	0	0	11.4965	6.89788	16.0951	11.4965	11.506	11.5272	-99.99	11.5279	11.6827	11.8642	11.981	12.0934	12.3512	12.7862	13.5018	0.389164
setup	0	2019-03-12 23:00:00	12.017	440.173	192.353	19.1206	318.855	0	6.18073	0	0	0	0	11.3347	6.80081	15.8686	11.3347	11.3445	11.3664	-99.99	11.3671	11.5269	11.7144	11.835	11.9513	12.2183	12.6705	13.4224	0.380422
setup	0	2019-03-13 23:00:00	12.0154	440.002	192.608	19.1461	317.995	0	6.03872	0	0	0	0	11.1719	6.70315	15.6407	11.1719	11.182	11.2046	-99.99	11.2053	11.37	11.5634	11.688	11.8081	12.0842	12.5534	13.3416	0.371746
setup	0	2019-03-14 23:00:00	12.0139	439.808	192.856	19.1708	317.132	0	5.8989	0	0	0	0	11.0082	6.60492	15.4115	11.0082	11.0186	11.0418	-99.99	11.0426	11.2121	11.4114	11.5398	11.6637	11.949	12.4351	13.2593	0.363141
setup	0	2019-03-15 23:00:00	12.0124	439.591	193.095	19.1946	316.267	0	5.76126	0	0	0	0	10.8436	6.50616	15.181	10.8436	10.8543	10.8782	-99.99	10.8789	11.0533	11.2584	11.3907	11.5183	11.8126	12.3155	13.1756	0.354608
setup	0	2019-03-16 23:00:00	12.0109	439.351	193.325	19.2176	315.399	0	5.62575	0	0	0	0	10.6781	6.40689	14.9494	10.6781	10.6892	10.7137	-99.99	10.7145	10.8936	11.1045	11.2405	11.3719	11.6751	12.1947	13.0904	0.346151
setup	0	2019-03-17 23:00:00	12.0094	439.089	193.547	19.2398	314.53	0	5.49234	0	0	0	0	10.5119	6.30714	14.7167	10.5119	10.5232	10.5484	-99.99	10.5492	10.7331	10.9496	11.0894	11.2245	11.5366	12.0727	13.0037	0.337773
setup	0	2019-03-18 23:00:00	12.0078	438.804	193.761	19.261	313.659	0	5.361	0	0	0	0	10.3449	6.20695	14.4829	10.3449	10.3565	10.3823	-99.99	10.3831	10.5717	10.7939	10.9375	11.0762	11.3971	11.9496	12.9157	0.329477
setup	0	2019-03-19 23:00:00	12.0063	438.496	193.965	19.2814	312.787	0	5.23169	0	0	0	0	10.1772	6.10634	14.2481	10.1772	10.1891	10.2155	-99.99	10.2164	10.4096	10.6374	10.7846	10.927	11.2566	11.8253	12.8264	0.321265
setup	0	2019-03-20 23:00:00	12.0048	438.166	194.161	19.3009	311.913	0	5.1044	0	0	0	0	10.0089	6.00534	14.0125	10.0089	10.0211	10.0481	-99.99	10.049	10.2468	10.4801	10.631	10.777	11.1151	11.7	12.7357	0.313141
setup	0	2019-03-21 23:00:00	12.0032	437.813	194.348	19.3195	311.039	0	4.97907	0	0	0	0	9.83998	5.90399	13.776	9.84	9.85242	9.88009	-99.99	9.88095	10.0833	10.3221	10.4766	10.6261	10.9728	11.5736	12.6436	0.305107
setup	0	2019-03-22 23:00:00	12.0017	437.437	194.525	19.3372	310.164	0	4.85569	0	0	0	0	9.67052	5.80231	13.5387	9.67053	9.68323	9.7115	-99.99	9.71239	9.91923	10.1634	10.3215	10.4745	10.8296	11.4462	12.5503	0.297164
setup	0	2019-03-23 23:00:00	12.0002	437.04	194.693	19.354	309.289	0	4.73423	0	0	0	0	9.50055	5.70033	13.3008	9.50057	9.51353	9.54241	-99.99	9.54331	9.75458	10.0041	10.1657	10.3222	10.6856	11.3178	12.4557	0.289316
setup	0	2019-03-24 23:00:00	11.9986	436.62	194.852	19.3698	308.414	0	4.61464	0	0	0	0	9.33015	5.59809	13.0622	9.33017	9.34339	9.37286	-99.99	9.37378	9.58942	9.84419	10.0093	10.1692	10.5409	11.1885	12.3599	0.281563
setup	0	2019-03-25 23:00:00	11.9971	436.179	195.002	19.3847	307.539	0	4.49691	0	0	0	0	9.15935	5.49561	12.8231	9.15937	9.17286	9.20291	-99.99	9.20385	9.4238	9.68376	9.8523	10.0156	10.3954	11.0583	12.2629	0.273908
setup	0	2019-03-26 23:00:00	11.9956	435.716	195.142	19.3987	306.665	0	4.38099	0	0	0	0	8.9882	5.39292	12.5835	8.98822	9.00197	9.0326	-99.99	9.03356	9.25775	9.52285	9.69479	9.86148	10.2493	10.9273	12.1647	0.266353
setup	0	2019-03-27 23:00:00	11.9941	435.232	195.273	19.4117	305.792	0	4.26687	0	0	0	0	8.81676	5.29006	12.3435	8.81679	8.83079	8.86198	-99.99	8.86296	9.09135	9.3615	9.53679	9.70678	10.1025	10.7954	12.0654	0.258899
setup	0	2019-03-28 23:00:00	11.9925	434.726	195.395	19.4238	304.92	0	4.15452	0	0	0	0	8.64508	5.18705	12.1031	8.64511	8.65936	8.69111	-99.99	8.69211	8.92462	9.19976	9.37835	9.55159	9.95513	10.6627	11.9649	0.251548
setup	0	2019-03-29 23:00:00	11.991	434.2	195.507	19.4349	304.049	0	4.0439	0	0	0	0	8.47321	5.08393	11.8625	8.47324	8.48774	8.52004	-99.99	8.52105	8.75763	9.03768	9.21952	9.39597	9.80721	10.5293	11.8634	0.244301
setup	0	2019-03-30 23:00:00	11.9895	433.653	195.61	19.4451	303.18	0	3.93499	0	0	0	0	8.3012	4.98072	11.6217	8.30123	8.31597	8.34881	-99.99	8.34984	8.59042	8.8753	9.06034	9.23995	9.65878	10.3952	11.7607	0.237158
setup	0	2019-03-31 23:00:00	11.988	433.086	195.703	19.4544	302.313	0	3.82777	0	0	0	0	8.1291	4.87746	11.3807	8.12913	8.14411	8.17749	-99.99	8.17853	8.42304	8.71268	8.90087	9.08359	9.50989	10.2605	11.6571	0.230122
setup	0	2019-04-01 23:00:00	11.9864	432.5	195.787	19.4627	301.448	0	3.72219	0	0	0	0	7.95696	4.77418	11.1398	7.95699	7.97221	8.00611	-99.99	8.00717	8.25554	8.54985	8.74115	8.92692	9.36059	10.1251	11.5524	0.223193
setup	0	2019-04-02 23:00:00	11.9849	431.894	195.861	19.4701	300.585	0	3.61825	0	0	0	0	7.78484	4.6709	10.8988	7.78487	7.80032	7.83473	-99.99	7.83581	8.08797	8.38688	8.58122	8.77	9.2109	9.9891	11.4468	0.216372
setup	0	2019-04-03 23:00:00	11.9834	431.269	195.926	19.4766	299.725	0	3.51591	0	0	0	0	7.61278	4.56767	10.6579	7.61281	7.62848	7.66339	-99.99	7.66449	7.92038	8.2238	8.42113	8.61287	9.06089	9.85258	11.3402	0.20966
setup	0	2019-04-04 23:00:00	11.9819	430.626	195.982	19.4821	298.868	0	3.41515	0	0	0	0	7.44083	4.4645	10.4172	7.44086	7.45676	7.49216	-99.99	7.49328	7.75282	8.06067	8.26094	8.45558	8.91059	9.71554	11.2327	0.203057
setup	0	2019-04-05 23:00:00	11.9804	429.965	196.029	19.4867	298.014	0	3.31594	0	0	0	0	7.26905	4.36143	10.1767	7.26908	7.2852	7.32109	-99.99	7.32221	7.58534	7.89753	8.10068	8.29817	8.76005	9.57804	11.1243	0.196563
setup	0	2019-04-06 23:00:00	11.9789	429.286	196.067	19.4904	297.163	0	3.21826	0	0	0	0	7.09748	4.25849	9.93648	7.09752	7.11384	7.15021	-99.99	7.15135	7.41799	7.73443	7.94041	8.14069	8.6093	9.44012	11.015	0.19018
setup	0	2019-04-07 23:00:00	11.9774	428.591	196.096	19.4932	296.316	0	3.12208	0	0	0	0	6.92619	4.15571	9.69666	6.92622	6.94276	6.97958	-99.99	6.98074	7.25082	7.57142	7.78017	7.98319	8.45841	9.3018	10.905	0.183907
setup	0	2019-04-08 23:00:00	11.9759	427.879	196.115	19.4951	295.472	0	3.02739	0	0	0	0	6.75521	4.05312	9.45729	6.75524	6.77198	6.80926	-99.99	6.81043	7.08387	7.40855	7.62001	7.82571	8.3074	9.16314	10.7941	0.177744
setup	0	2019-04-09 23:00:00	11.9744	427.151	196.127	19.4962	294.633	0	2.93416	0	0	0	0	6.5846	3.95076	9.21844	6.58463	6.60157	6.6393	-99.99	6.64048	6.9172	7.24587	7.45998	7.6683	8.15632	9.02417	10.6825	0.171693
setup	0	2019-04-10 23:00:00	11.9729	426.408	196.129	19.4963	293.798	0	2.84237	0	0	0	0	6.41441	3.84864	8.98017	6.41444	6.43157	6.46973	-99.99	6.47093	6.75086	7.08342	7.30012	7.511	8.00523	8.88494	10.5702	0.165751
setup	0	2019-04-11 23:00:00	11.9714	425.651	196.123	19.4957	292.967	0	2.752	0	0	0	0	6.24469	3.74681	8.74256	6.24472	6.26204	6.30062	-99.99	6.30184	6.58489	6.92125	7.14048	7.35387	7.85415	8.74549	10.4571	0.15992
setup	0	2019-04-12 23:00:00	11.9699	424.879	196.109	19.4942	292.142	0	2.66303	0	0	0	0	6.07548	3.64529	8.50568	6.07552	6.09303	6.13202	-99.99	6.13324	6.41935	6.75941	6.98111	7.19694	7.70315	8.60585	10.3434	0.1542
setup	0	2019-04-13 23:00:00	11.9685	424.094	196.086	19.4918	291.321	0	2.57544	0	0	0	0	5.90685	3.54411	8.26959	5.90689	5.92458	5.96397	-99.99	5.96521	6.25428	6.59795	6.82206	7.04027	7.55225	8.46606	10.2291	0.148589
setup	0	2019-04-14 23:00:00	11.967	423.296	196.056	19.4887	290.505	0	2.48921	0	0	0	0	5.73884	3.44331	8.03438	5.73888	5.75674	5.79652	-99.99	5.79777	6.08973	6.43692	6.66336	6.8839	7.40151	8.32618	10.1142	0.143089
setup	0	2019-04-15 23:00:00	11.9656	422.486	196.017	19.4848	289.695	0	2.40432	0	0	0	0	5.5715	3.3429	7.8001	5.57154	5.58957	5.62973	-99.99	5.63099	5.92575	6.27635	6.50508	6.72787	7.25097	8.18623	9.99873	0.137697
setup	0	2019-04-16 23:00:00	11.9641	421.665	195.971	19.4801	288.89	0	2.32075	0	0	0	0	5.40488	3.24293	7.56683	5.40492	5.42312	5.46364	-99.99	5.46491	5.7624	6.11631	6.34725	6.57224	7.10068	8.04627	9.88272	0.132414
setup	0	2019-04-17 23:00:00	11.9627	420.833	195.918	19.4747	288.091	0	2.23849	0	0	0	0	5.23903	3.14342	7.33464	5.23907	5.25742	5.29831	-99.99	5.29959	5.59971	5.95684	6.18992	6.41704	6.95067	7.90632	9.76622	0.127239
setup	0	2019-04-18 23:00:00	11.9612	419.991	195.857	19.4685	287.298	0	2.15752	0	0	0	0	5.074	3.0444	7.1036	5.07404	5.09255	5.13377	-99.99	5.13506	5.43773	5.79798	6.03314	6.26233	6.80099	7.76644	9.64926	0.122172
setup	0	2019-04-19 23:00:00	11.9598	419.139	195.789	19.4617	286.511	0	2.07782	0	0	0	0	4.90983	2.9459	6.87376	4.90987	4.92853	4.97009	-99.99	4.97139	5.27652	5.63978	5.87696	6.10815	6.65169	7.62665	9.53187	0.117211
setup	0	2019-04-20 23:00:00	11.9584	418.279	195.715	19.4542	285.731	0	1.99938	0	0	0	0	4.74658	2.84795	6.64521	4.74662	4.76542	4.8073	-99.99	4.80861	5.11613	5.48229	5.72142	5.95454	6.50281	7.48702	9.41409	0.112357
setup	0	2019-04-21 23:00:00	11.957	417.411	195.634	19.446	284.957	0	1.92219	0	0	0	0	4.58429	2.75058	6.41801	4.58433	4.60327	4.64546	-99.99	4.64678	4.95659	5.32555	5.56656	5.80155	6.3544	7.34756	9.29594	0.107608
setup	0	2019-04-22 23:00:00	11.9556	416.536	195.546	19.4371	284.19	0	1.84622	0	0	0	0	4.42302	2.65381	6.19222	4.42306	4.44213	4.48461	-99.99	4.48595	4.79796	5.16962	5.41244	5.64923	6.20649	7.20833	9.17748	0.102963
setup	0	2019-04-23 23:00:00	11.9542	415.655	195.453	19.4277	283.43	0	1.77147	0	0	0	0	4.2628	2.55768	5.96792	4.26284	4.28204	4.32481	-99.99	4.32615	4.64028	5.01453	5.25909	5.49762	6.05913	7.06937	9.05872	0.0984215
setup	0	2019-04-24 23:00:00	11.9529	414.768	195.353	19.4177	282.677	0	1.69793	0	0	0	0	4.1037	2.46222	5.74517	4.10374	4.12306	4.1661	-99.99	4.16745	4.4836	4.86034	5.10657	5.34676	5.91237	6.93071	8.9397	0.0939826
setup	0	2019-04-25 23:00:00	11.9515	413.876	195.248	19.4071	281.931	0	1.62558	0	0	0	0	3.94574	2.36745	5.52404	3.94578	3.96522	4.00852	-99.99	4.00988	4.32796	4.70708	4.95491	5.1967	5.76624	6.7924	8.82046	0.0896452
setup	0	2019-04-26 23:00:00	11.9501	412.981	195.137	19.396	281.193	0	1.5544	0	0	0	0	3.78899	2.27339	5.30459	3.78903	3.80858	3.85213	-99.99	3.85349	4.17342	4.55481	4.80417	5.04749	5.6208	6.65448	8.70104	0.0854082
setup	0	2019-04-27 23:00:00	11.9488	412.081	195.022	19.3843	280.462	0	1.4844	0	0	0	0	3.63349	2.18009	5.08688	3.63353	3.65318	3.69696	-99.99	3.69834	4.02002	4.40357	4.65439	4.89916	5.47608	6.51698	8.58146	0.0812707
setup	0	2019-04-28 23:00:00	11.9475	411.18	194.902	19.3722	279.74	0	1.41556	0	0	0	0	3.47928	2.08757	4.87099	3.47932	3.49907	3.54308	-99.99	3.54446	3.8678	4.2534	4.5056	4.75177	5.33212	6.37996	8.46177	0.0772314
setup	0	2019-04-29 23:00:00	11.9462	410.277	194.777	19.3596	279.025	0	1.34787	0	0	0	0	3.32641	1.99584	4.65697	3.32645	3.3463	3.39051	-99.99	3.3919	3.71681	4.10435	4.35787	4.60535	5.18897	6.24344	8.34199	0.0732892
setup	0	2019-04-30 23:00:00	11.9449	409.373	194.648	19.3466	278.318	0	1.28131	0	0	0	0	3.17492	1.90495	4.44489	3.17496	3.1949	3.23931	-99.99	3.24071	3.56709	3.95646	4.21122	4.45995	5.04668	6.10747	8.22216	0.069443
setup	0	2019-05-01 23:00:00	11.9436	408.469	194.515	19.3333	277.62	0	1.2159	0	0	0	0	3.02487	1.81492	4.23481	3.02491	3.04493	3.08952	-99.99	3.09092	3.41869	3.80978	4.0657	4.3156	4.90527	5.97209	8.10232	0.0656915
setup	0	2019-05-02 23:00:00	11.9423	407.565	194.378	19.3195	276.93	0	1.15161	0	0	0	0	2.87629	1.72577	4.0268	2.87633	2.89642	2.94119	-99.99	2.9426	3.27165	3.66434	3.92136	4.17237	4.7648	5.83734	7.9825	0.0620336
setup	0	2019-05-03 23:00:00	11.941	406.663	194.238	19.3054	276.249	0	1.08844	0	0	0	0	2.72922	1.63753	3.82091	2.72926	2.74943	2.79436	-99.99	2.79577	3.12602	3.5202	3.77824	4.03027	4.6253	5.70325	7.86274	0.058468
setup	0	2019-05-04 23:00:00	11.9398	405.763	194.094	19.291	275.576	0	1.02638	0	0	0	0	2.58372	1.55023	3.61721	2.58376	2.604	2.64907	-99.99	2.65048	2.98183	3.37739	3.63638	3.88937	4.48682	5.56987	7.74307	0.0549935
setup	0	2019-05-05 23:00:00	11.9386	404.867	193.948	19.2763	274.913	0	0.965434	0	0	0	0	2.43983	1.4639	3.41576	2.43986	2.46016	2.50536	-99.99	2.50678	2.83914	3.23596	3.49582	3.74969	4.3494	5.43724	7.62352	0.0516088
setup	0	2019-05-06 23:00:00	11.9373	403.974	193.8	19.2614	274.258	0	0.905593	0	0	0	0	2.29758	1.37855	3.21661	2.29762	2.31796	2.36329	-99.99	2.36471	2.69797	3.09595	3.3566	3.61129	4.21307	5.30539	7.50413	0.0483126
setup	0	2019-05-07 23:00:00	11.9361	403.086	193.649	19.2462	273.613	0	0.846854	0	0	0	0	2.15702	1.29421	3.01983	2.15706	2.17745	2.22289	-99.99	2.22431	2.55839	2.9574	3.21877	3.47419	4.07788	5.17437	7.38494	0.0451036
setup	0	2019-05-08 23:00:00	11.935	402.203	193.496	19.2309	272.977	0	0.789214	0	0	0	0	2.01819	1.21091	2.82547	2.01823	2.03867	2.08419	-99.99	2.08562	2.42041	2.82035	3.08236	3.33845	3.94387	5.04421	7.26598	0.0419806
setup	0	2019-05-09 23:00:00	11.9338	401.327	193.342	19.2154	272.35	0	0.732673	0	0	0	0	1.88114	1.12868	2.63359	1.88117	1.90165	1.94726	-99.99	1.94869	2.2841	2.68484	2.94742	3.2041	3.81108	4.91495	7.14728	0.0389422
setup	0	2019-05-10 23:00:00	11.9326	400.457	193.187	19.1997	271.734	0	0.677229	0	0	0	0	1.74589	1.04754	2.44425	1.74593	1.76644	1.81211	-99.99	1.81354	2.14948	2.55091	2.81398	3.07118	3.67954	4.78662	7.02888	0.0359871
setup	0	2019-05-11 23:00:00	11.9315	399.596	193.03	19.184	271.126	0	0.622884	0	0	0	0	1.61251	0.967503	2.25751	1.61254	1.63307	1.6788	-99.99	1.68024	2.0166	2.4186	2.68209	2.93973	3.5493	4.65928	6.91082	0.0331141
setup	0	2019-05-12 23:00:00	11.9304	398.742	192.873	19.1682	270.529	0	0.56964	0	0	0	0	1.48101	0.888606	2.07341	1.48105	1.50159	1.54737	-99.99	1.5488	1.88549	2.28795	2.55179	2.80979	3.42038	4.53294	6.79312	0.0303218
setup	0	2019-05-13 23:00:00	11.9293	397.899	192.715	19.1524	269.942	0	0.517499	0	0	0	0	1.35145	0.810868	1.89202	1.35148	1.37204	1.41784	-99.99	1.41928	1.7562	2.15901	2.4231	2.68139	3.29284	4.40766	6.67583	0.0276089
setup	0	2019-05-14 23:00:00	11.9282	397.065	192.558	19.1365	269.364	0	0.466468	0	0	0	0	1.22385	0.734311	1.71339	1.22389	1.24446	1.29027	-99.99	1.29171	1.62877	2.03179	2.29608	2.55458	3.16671	4.28346	6.55897	0.0249741
setup	0	2019-05-15 23:00:00	11.9272	396.241	192.4	19.1207	268.797	0	0.416554	0	0	0	0	1.09827	0.65896	1.53757	1.0983	1.11887	1.16469	-99.99	1.16612	1.50322	1.90636	2.17075	2.4294	3.04203	4.16039	6.44258	0.0224162
setup	0	2019-05-16 23:00:00	11.9261	395.429	192.243	19.1049	268.24	0	0.367767	0	0	0	0	0.974725	0.584835	1.36462	0.974759	0.995323	1.04113	-99.99	1.04257	1.3796	1.78273	2.04716	2.30588	2.91882	4.03847	6.32669	0.0199338
setup	0	2019-05-17 23:00:00	11.9251	394.63	192.087	19.0892	267.694	0	0.32012	0	0	0	0	0.853266	0.51196	1.19457	0.853299	0.873852	0.919632	-99.99	0.921069	1.25795	1.66095	1.92534	2.18405	2.79714	3.91776	6.21134	0.0175257
setup	0	2019-05-18 23:00:00	11.9241	393.843	191.932	19.0736	267.158	0	0.273631	0	0	0	0	0.733925	0.440355	1.02749	0.733957	0.754493	0.800235	-99.99	0.801671	1.1383	1.54106	1.80533	2.06395	2.67701	3.79827	6.09657	0.0151907
setup	0	2019-05-19 23:00:00	11.9232	393.07	191.778	19.0582	266.633	0	0.228324	0	0	0	0	0.616736	0.370042	0.863431	0.616768	0.637281	0.682973	-99.99	0.684406	1.02068	1.42308	1.68716	1.94562	2.55847	3.68005	5.9824	0.0129273
setup	0	2019-05-20 23:00:00	11.9222	392.311	191.626	19.0429	266.118	0	0.184234	0	0	0	0	0.501736	0.301042	0.70243	0.501767	0.522251	0.567878	-99.99	0.56931	0.905138	1.30706	1.57087	1.8291	2.44155	3.56313	5.86887	0.0107346
setup	0	2019-05-21 23:00:00	11.9213	391.566	191.476	19.0278	265.615	0	0.141411	0	0	0	0	0.388957	0.233374	0.54454	0.388988	0.409437	0.454987	-99.99	0.456416	0.791698	1.19303	1.45649	1.71441	2.3263	3.44755	5.75601	0.00861107
setup	0	2019-05-22 23:00:00	11.9204	390.838	191.328	19.0129	265.122	0	0.0999358	0	0	0	0	0.278434	0.16706	0.389808	0.278464	0.298873	0.344332	-99.99	0.345758	0.680397	1.08102	1.34405	1.60159	2.21274	3.33333	5.64385	0.00655567
setup	0	2019-05-23 23:00:00	11.9195	390.125	191.183	18.9983	264.64	0	0.0599546	0	0	0	0	0.170199	0.102119	0.238279	0.170228	0.19059	0.235945	-99.99	0.237369	0.571267	0.97107	1.2336	1.49068	2.1009	3.22052	5.53243	0.00456718
setup	0	2019-05-24 23:00:00	11.9186	389.429	191.04	18.984	264.17	0	0.0218272	0	0	0	0	0.0642839	0.0385703	0.0899975	0.0643124	0.084622	0.12986	-99.99	0.13128	0.464341	0.863204	1.12515	1.3817	1.99083	3.10914	5.42178	0.00264443
setup	0	2019-05-25 23:00:00	11.9178	388.751	190.9	18.97	263.673	0	0	0	0	0	0	-0.0392796	-0.0549915	-0.0235678	-0.0392514	-0.0189893	0.0261428	-99.99	0.0275591	0.359679	0.757216	1.01828	1.27401	1.88158	2.99856	5.31191	0.00242995
setup	0	2019-05-26 23:00:00	11.917	388.09	190.764	18.9562	263.131	0	0	0	0	0	0	-0.140461	-0.196645	-0.0842766	-0.140432	-0.120099	-0.07481	-99.99	-0.0733888	0.257893	0.653616	0.913473	1.16808	1.77352	2.88879	5.20271	0.00446725
setup	0	2019-05-27 23:00:00	11.9162	387.448	190.631	18.9429	262.604	0	0	0	0	0	0	-0.23923	-0.334922	-0.143538	-0.2392	-0.218673	-0.172951	-99.99	-0.171516	0.15959	0.55369	0.812498	1.0661	1.66934	2.78155	5.09422	0.00639692
setup	0	2019-05-28 23:00:00	11.9154	386.825	190.502	18.9299	262.09	0	0	0	0	0	0	-0.335558	-0.469781	-0.201335	-0.335527	-0.314786	-0.268588	-99.99	-0.267139	0.0664751	0.457413	0.714857	0.96723	1.56792	2.67661	4.98672	0.00825018
setup	0	2019-05-29 23:00:00	11.9147	386.222	190.377	18.9173	261.592	0	0	0	0	0	0	-0.429415	-0.601182	-0.257649	-0.429384	-0.40846	-0.361855	-99.99	-0.360392	0.000786271	0.365634	0.621814	0.872913	1.47057	2.57447	4.88037	0.010025
setup	0	2019-05-30 23:00:00	11.914	385.638	190.256	18.9052	261.108	0	0	0	0	0	0	-0.520775	-0.729085	-0.312465	-0.520743	-0.499665	-0.452716	-99.99	-0.451242	-0.0592585	0.276818	0.531218	0.780725	1.37515	2.47449	4.77534	0.0117238
setup	0	2019-05-31 23:00:00	11.9133	385.076	190.139	18.8934	260.638	0	0	0	0	0	0	-0.60961	-0.853454	-0.365766	-0.609577	-0.588379	-0.541162	-99.99	-0.53968	-0.1586	0.192022	0.445117	0.693257	1.28422	2.37756	4.67167	0.013348
setup	0	2019-06-01 23:00:00	11.9127	384.534	190.027	18.8822	260.183	0	0	0	0	0	0	-0.695894	-0.974251	-0.417536	-0.69586	-0.674723	-0.62764	-99.99	-0.626163	-0.260721	0.106902	0.358787	0.605731	1.19387	2.28239	4.56949	0.0148882
setup	0	2019-06-02 23:00:00	11.912	384.014	189.92	18.8714	259.743	0	0	0	0	0	0	-0.779601	-1.09144	-0.467761	-0.779567	-0.758452	-0.711421	-99.99	-0.709945	-0.347158	0.0367935	0.27544	0.520543	1.10511	2.18863	4.46866	0.0163635
setup	0	2019-06-03 23:00:00	11.9114	383.515	189.818	18.8612	259.318	0	0	0	0	0	0	-0.860706	-1.20499	-0.516424	-0.860672	-0.839508	-0.792367	-99.99	-0.790888	-0.42975	-0.0143236	0.198077	0.441648	1.0221	2.09824	4.36913	0.0177782
setup	0	2019-06-04 23:00:00	11.9109	383.04	189.721	18.8514	258.907	0	0	0	0	0	0	-0.939186	-1.31486	-0.563512	-0.939151	-0.918084	-0.871159	-99.99	-0.869687	-0.510557	-0.0908511	0.118847	0.361144	0.938573	2.00935	4.27115	0.0191172
setup	0	2019-06-05 23:00:00	11.9103	382.586	189.63	18.8422	258.511	0	0	0	0	0	0	-1.01502	-1.42102	-0.60901	-1.01498	-0.994026	-0.947351	-99.99	-0.945886	-0.589279	-0.182591	0.0475664	0.282162	0.85591	1.92144	4.17452	0.0203922
setup	0	2019-06-06 23:00:00	11.9098	382.156	189.544	18.8336	258.13	0	0	0	0	0	0	-1.08818	-1.52345	-0.652906	-1.08814	-1.06719	-1.02054	-99.99	-1.01907	-0.664233	-0.259436	-0.000502187	0.211142	0.780115	1.83705	4.07913	0.0216139
setup	0	2019-06-07 23:00:00	11.9093	381.75	189.464	18.8255	257.764	0	0	0	0	0	0	-1.15864	-1.6221	-0.695186	-1.15861	-1.13775	-1.09131	-99.99	-1.08985	-0.736978	-0.332314	-0.0482006	0.138708	0.703341	1.75409	3.98531	0.0227693
setup	0	2019-06-08 23:00:00	11.9089	381.367	189.39	18.8181	257.412	0	0	0	0	0	0	-1.2264	-1.71695	-0.735837	-1.22636	-1.20553	-1.15913	-99.99	-1.15768	-0.806175	-0.402375	-0.118601	0.0733141	0.63324	1.67473	3.89296	0.023872
setup	0	2019-06-09 23:00:00	11.9085	381.009	189.322	18.8112	257.075	0	0	0	0	0	0	-1.29141	-1.80798	-0.774848	-1.29138	-1.27067	-1.22454	-99.99	-1.22309	-0.873873	-0.471419	-0.207776	0.0186155	0.5617	1.59653	3.80229	0.0249103
setup	0	2019-06-10 23:00:00	11.9081	380.674	189.26	18.805	256.753	0	0	0	0	0	0	-1.35368	-1.89515	-0.812208	-1.35364	-1.33308	-1.28729	-99.99	-1.28586	-0.939671	-0.539435	-0.280185	-0.0226062	0.491008	1.51928	3.71303	0.0258906
setup	0	2019-06-11 23:00:00	11.9077	380.365	189.204	18.7994	256.446	0	0	0	0	0	0	-1.41317	-1.97844	-0.847904	-1.41314	-1.39262	-1.34692	-99.99	-1.34549	-1.00081	-0.601505	-0.343074	-0.0733533	0.429598	1.44639	3.62511	0.026825
setup	0	2019-06-12 23:00:00	11.9074	380.08	189.155	18.7944	256.154	0	0	0	0	0	0	-1.46988	-2.05783	-0.881927	-1.46984	-1.44946	-1.40406	-99.99	-1.40264	-1.06072	-0.663208	-0.405419	-0.149751	0.365137	1.37484	3.53901	0.0276991
setup	0	2019-06-13 23:00:00	11.907	379.821	189.112	18.7901	255.877	0	0	0	0	0	0	-1.52378	-2.13329	-0.914265	-1.52374	-1.50341	-1.45815	-99.99	-1.45673	-1.11641	-0.719691	-0.462782	-0.210524	0.30894	1.30707	3.4545	0.028527
setup	0	2019-06-14 23:00:00	11.9068	379.587	189.076	18.7864	255.615	0	0	0	0	0	0	-1.57485	-2.20479	-0.944911	-1.57481	-1.55464	-1.50972	-99.99	-1.50831	-1.17095	-0.776706	-0.520796	-0.270176	0.248295	1.23984	3.37184	0.0292967
setup	0	2019-06-15 23:00:00	11.9065	379.378	189.046	18.7834	255.367	0	0	0	0	0	0	-1.62309	-2.27233	-0.973854	-1.62305	-1.60305	-1.55851	-99.99	-1.55711	-1.2229	-0.831574	-0.577192	-0.328133	0.189502	1.17316	3.29052	0.0300154
setup	0	2019-06-16 23:00:00	11.9063	379.196	189.023	18.7811	255.135	0	0	0	0	0	0	-1.66848	-2.33587	-1.00109	-1.66844	-1.64859	-1.60439	-99.99	-1.603	-1.27172	-0.883166	-0.630224	-0.38275	0.135699	1.10938	3.21046	0.0306863
setup	0	2019-06-17 23:00:00	11.9061	379.038	189.008	18.7795	254.917	0	0	0	0	0	0	-1.711	-2.3954	-1.0266	-1.71096	-1.6913	-1.64749	-99.99	-1.64612	-1.31816	-0.932811	-0.681668	-0.435907	0.0822136	1.04715	3.13189	0.0313072
setup	0	2019-06-18 23:00:00	11.906	378.907	188.998	18.7786	254.715	0	0	0	0	0	0	-1.75065	-2.4509	-1.05039	-1.75061	-1.73111	-1.68768	-99.99	-1.68631	-1.36149	-0.979106	-0.729697	-0.485564	0.0334912	0.98779	3.05481	0.0318818
setup	0	2019-06-19 23:00:00	11.9059	378.802	188.996	18.7783	254.527	0	0	0	0	0	0	-1.7874	-2.50236	-1.07244	-1.78736	-1.76805	-1.72505	-99.99	-1.7237	-1.40236	-1.02335	-0.776032	-0.533659	-0.00293004	0.929745	2.97932	0.0324082
setup	0	2019-06-20 23:00:00	11.9058	378.723	189.001	18.7788	254.355	0	0	0	0	0	0	-1.82126	-2.54976	-1.09275	-1.82122	-1.80209	-1.7595	-99.99	-1.75816	-1.44019	-1.06449	-0.819168	-0.578492	-0.0331875	0.87458	2.90535	0.0328893
setup	0	2019-06-21 23:00:00	11.9057	378.67	189.013	18.78	254.197	0	0	0	0	0	0	-1.8522	-2.59308	-1.11132	-1.85216	-1.83325	-1.79113	-99.99	-1.7898	-1.4756	-1.10377	-0.860711	-0.622283	-0.0825219	0.820362	2.833	0.0333233
setup	0	2019-06-22 23:00:00	11.9057	378.643	189.032	18.7818	254.054	0	0	0	0	0	0	-1.88023	-2.63232	-1.12814	-1.88019	-1.86148	-1.81982	-99.99	-1.81852	-1.50803	-1.14001	-0.899184	-0.662967	-0.126776	0.769041	2.76211	0.033713
setup	0	2019-06-23 23:00:00	11.9057	378.643	189.057	18.7844	253.927	0	0	0	0	0	0	-1.90532	-2.66745	-1.14319	-1.90529	-1.88681	-1.84567	-99.99	-1.84437	-1.53791	-1.17426	-0.93605	-0.702376	-0.170019	0.718423	2.69282	0.034057
setup	0	2019-06-24 23:00:00	11.9057	378.668	189.09	18.7876	253.814	0	0	0	0	0	0	-1.92749	-2.69848	-1.15649	-1.92745	-1.90921	-1.86858	-99.99	-1.8673	-1.56489	-1.2055	-0.969896	-0.738677	-0.210034	0.670734	2.62492	0.0343576
setup	0	2019-06-25 23:00:00	11.9058	378.719	189.129	18.7916	253.716	0	0	0	0	0	0	-1.94671	-2.72539	-1.16802	-1.94667	-1.92868	-1.88861	-99.99	-1.88735	-1.58933	-1.23456	-1.00191	-0.773465	-0.249515	0.623729	2.55863	0.0346135
setup	0	2019-06-26 23:00:00	11.9059	378.797	189.176	18.7962	253.634	0	0	0	0	0	0	-1.96298	-2.74817	-1.17779	-1.96294	-1.94521	-1.90571	-99.99	-1.90447	-1.61089	-1.26081	-1.03106	-0.805441	-0.286384	0.579409	2.49368	0.0348265
setup	0	2019-06-27 23:00:00	11.906	378.9	189.229	18.8015	253.566	0	0	0	0	0	0	-1.9763	-2.76682	-1.18578	-1.97627	-1.9588	-1.91989	-99.99	-1.91867	-1.62974	-1.28464	-1.05789	-0.835407	-0.321569	0.536724	2.43033	0.0349961
setup	0	2019-06-28 23:00:00	11.9062	379.029	189.289	18.8075	253.514	0	0	0	0	0	0	-1.98667	-2.78134	-1.192	-1.98663	-1.96944	-1.93116	-99.99	-1.92996	-1.64578	-1.30588	-1.0824	-0.863082	-0.354868	0.495506	2.36844	0.0351227
setup	0	2019-06-29 23:00:00	11.9064	379.183	189.356	18.8142	253.476	0	0	0	0	0	0	-1.99407	-2.7917	-1.19644	-1.99404	-1.97713	-1.93947	-99.99	-1.93829	-1.6589	-1.32421	-1.10397	-0.887651	-0.385134	0.457947	2.30808	0.0352074
setup	0	2019-06-30 23:00:00	11.9066	379.363	189.429	18.8215	253.453	0	0	0	0	0	0	-1.99852	-2.79793	-1.19911	-1.99848	-1.98187	-1.94487	-99.99	-1.9437	-1.66935	-1.34031	-1.12359	-0.910523	-0.414604	0.420323	2.24947	0.035249
setup	0	2019-07-01 23:00:00	11.9068	379.568	189.509	18.8295	253.446	0	0	0	0	0	0	-2	-2.8	-1.2	-1.99996	-1.98366	-1.94734	-99.99	-1.9462	-1.67707	-1.35366	-1.14069	-0.931044	-0.441834	0.384858	2.19214	0.0352479
setup	0	2019-07-02 23:00:00	11.9071	379.799	189.596	18.8382	253.453	0	0	0	0	0	0	-1.99852	-2.79793	-1.19911	-1.99848	-1.98249	-1.94687	-99.99	-1.94576	-1.68203	-1.36443	-1.15516	-0.949206	-0.466955	0.351549	2.13634	0.0352045
setup	0	2019-07-03 23:00:00	11.9074	380.054	189.689	18.8475	253.476	0	0	0	0	0	0	-1.99407	-2.7917	-1.19644	-1.99404	-1.97838	-1.94349	-99.99	-1.94239	-1.68431	-1.37285	-1.16743	-0.965364	-0.490564	0.31862	2.08203	0.0351184
setup	0	2019-07-04 23:00:00	11.9078	380.333	189.788	18.8574	253.514	0	0	0	0	0	0	-1.98667	-2.78134	-1.192	-1.98664	-1.97237	-1.94059	-99.99	-1.93959	-1.49731	-1.25673	-1.09015	-0.921766	-0.49735	0.288881	2.02897	0.0349073
setup	0	2019-07-05 23:00:00	11.9082	380.637	189.893	18.8679	253.566	0	0	0	0	0	0	-1.9763	-2.76682	-1.18578	-1.97626	-1.95708	-1.91434	-99.99	-1.913	-1.36627	-1.13186	-0.976481	-0.823192	-0.45149	0.282609	1.97891	0.0351021
setup	0	2019-07-06 23:00:00	11.9086	380.965	190.004	18.879	253.634	0	0	0	0	0	0	-1.96298	-2.74817	-1.17779	-1.96294	-1.9438	-1.90116	-99.99	-1.89982	-1.3546	-1.12129	-0.966887	-0.814797	-0.447293	0.273855	1.93418	0.0349104
setup	0	2019-07-07 23:00:00	11.909	381.316	190.121	18.8907	253.716	0	0	0	0	0	0	-1.94671	-2.72539	-1.16802	-1.94665	-1.9143	-1.84224	-1.00002	-1.83998	-1.042	-0.885203	-0.773314	-0.657899	-0.359221	0.286352	1.89294	0.0356102
setup	0	2019-07-08 23:00:00	11.9095	381.691	190.243	18.903	253.814	0	0	0	0	0	0	-1.92749	-2.69848	-1.15649	-1.92741	-1.87908	-1.77145	-0.867668	-1.76807	-0.756076	-0.616755	-0.521539	-0.425206	-0.179127	0.368525	1.86229	0.0364747
setup	0	2019-07-09 23:00:00	11.91	382.089	190.371	18.9158	253.927	0	0	0	0	0	0	-1.90532	-2.66745	-1.14319	-1.90524	-1.85296	-1.73653	-0.794773	-1.73287	-0.648436	-0.504078	-0.406916	-0.309809	-0.0675431	0.453619	1.85	0.0364477
setup	0	2019-07-10 23:00:00	11.9105	382.509	190.504	18.9345	254.054	0	0	0	0	0	0	-1.88023	-2.63232	-1.12814	-1.88013	-1.82186	-1.69205	-0.356068	-1.68797	-0.362608	-0.268315	-0.199615	-0.127464	0.0690495	0.533645	1.84837	0.0365075
setup	0	2019-07-11 23:00:00	11.911	382.951	190.642	18.9484	254.197	0	0	0	0	0	0	-1.8522	-2.59308	-1.11132	-1.85208	-1.77576	-1.60575	-0.178655	-1.60041	-0.0999946	-0.0211879	0.0357814	0.0961747	0.261264	0.651791	1.85603	0.0374165
setup	0	2019-07-12 23:00:00	11.9116	383.415	190.786	18.9627	254.355	0	0	0	0	0	0	-1.82126	-2.54976	-1.09275	-1.82113	-1.73828	-1.55374	-0.0611202	-1.54794	0.0517654	0.1354	0.193481	0.253213	0.410172	0.769063	1.87651	0.037457
setup	0	2019-07-13 23:00:00	11.9122	383.901	190.934	18.9775	254.527	0	0	0	0	0	0	-1.7874	-2.50236	-1.07244	-1.78727	-1.70068	-1.5078	0.0322342	-1.50175	0.161544	0.247947	0.307391	0.367902	0.523809	0.868355	1.90443	0.0372523
setup	0	2019-07-14 23:00:00	11.9128	384.407	191.086	18.9928	254.715	0	0	0	0	0	0	-1.75065	-2.4509	-1.05039	-1.75051	-1.66126	-1.46245	0.112602	-1.45621	0.25331	0.34088	0.400762	0.461424	0.616173	0.95134	1.93415	0.0369254
setup	0	2019-07-15 23:00:00	11.9135	384.933	191.243	19.0085	254.917	0	0	0	0	0	0	-1.711	-2.3954	-1.0266	-1.71086	-1.61971	-1.41666	0.182675	-1.41029	0.332033	0.42035	0.480471	0.54115	0.694793	1.02251	1.96289	0.0364984
setup	0	2019-07-16 23:00:00	11.9142	385.48	191.404	19.0246	255.135	0	0	0	0	0	0	-1.66848	-2.33587	-1.00109	-1.66834	-1.57539	-1.36836	0.312035	-1.36186	0.441452	0.51993	0.574395	0.630063	0.773753	1.08707	1.98966	0.0360131
setup	0	2019-07-17 23:00:00	11.9149	386.046	191.568	19.0411	255.367	0	0	0	0	0	0	-1.62309	-2.27233	-0.973854	-1.62295	-1.52612	-1.31044	0.394932	-1.30368	0.541	0.617015	0.66922	0.722262	0.858222	1.15405	2.0152	0.0356414
setup	0	2019-07-18 23:00:00	11.9156	386.63	191.736	19.058	255.615	0	0	0	0	0	0	-1.57485	-2.20479	-0.944911	-1.57471	-1.47628	-1.25703	0.46396	-1.25015	0.617914	0.693736	0.745508	0.797881	0.931032	1.21685	2.04071	0.0350551
setup	0	2019-07-19 23:00:00	11.9164	387.233	191.908	19.0751	255.877	0	0	0	0	0	0	-1.52378	-2.13329	-0.914265	-1.52363	-1.42439	-1.20333	0.525098	-1.19639	0.684068	0.759741	0.811228	0.863162	0.994446	1.27315	2.06556	0.0343621
setup	0	2019-07-20 23:00:00	11.9172	387.854	192.082	19.0926	256.154	0	0	0	0	0	0	-1.46988	-2.05783	-0.881927	-1.46973	-1.37018	-1.14845	0.580752	-1.1415	0.743083	0.818486	0.869657	0.921166	1.05082	1.32364	2.08899	0.0335814
setup	0	2019-07-21 23:00:00	11.918	388.492	192.259	19.1104	256.446	0	0	0	0	0	0	-1.41317	-1.97844	-0.847904	-1.41303	-1.31358	-1.09207	0.632287	-1.08512	0.796805	0.87179	0.922579	0.973622	1.10168	1.36922	2.11069	0.0327198
setup	0	2019-07-22 23:00:00	11.9189	389.146	192.439	19.1284	256.753	0	0	0	0	0	0	-1.35368	-1.89515	-0.812208	-1.35353	-1.25452	-1.03397	0.680616	-1.02705	0.846402	0.920822	0.971153	1.02167	1.14809	1.41065	2.13057	0.0317808
setup	0	2019-07-23 23:00:00	11.9197	389.816	192.621	19.1467	257.075	0	0	0	0	0	0	-1.29141	-1.80798	-0.774848	-1.29127	-1.19298	-0.974053	0.726407	-0.967182	0.892701	0.966418	1.01622	1.06615	1.19084	1.44859	2.14869	0.0307661
setup	0	2019-07-24 23:00:00	11.9206	390.502	192.805	19.1651	257.412	0	0	0	0	0	0	-1.2264	-1.71695	-0.735837	-1.22625	-1.12895	-0.912213	0.770179	-0.905411	0.936334	1.00922	1.05841	1.10769	1.23056	1.48355	2.16515	0.0296766
setup	0	2019-07-25 23:00:00	11.9215	391.202	192.991	19.1837	257.764	0	0	0	0	0	0	-1.15864	-1.6221	-0.695186	-1.1585	-1.06242	-0.848392	0.812342	-0.841675	0.977796	1.04972	1.09823	1.14681	1.26775	1.51597	2.18009	0.0285127
setup	0	2019-07-26 23:00:00	11.9224	391.916	193.178	19.2025	258.13	0	0	0	0	0	0	-1.08818	-1.52345	-0.652906	-1.08804	-0.993382	-0.782541	0.853237	-0.775924	1.01749	1.08834	1.13611	1.18391	1.30282	1.54623	2.19364	0.0272743
setup	0	2019-07-27 23:00:00	11.9234	392.644	193.366	19.2214	258.511	0	0	0	0	0	0	-1.01502	-1.42102	-0.60901	-1.01488	-0.921849	-0.714625	0.893143	-0.708122	1.05575	1.12543	1.17238	1.21935	1.33611	1.57465	2.20595	0.0259609
setup	0	2019-07-28 23:00:00	11.9244	393.384	193.555	19.2403	258.907	0	0	0	0	0	0	-0.939186	-1.31486	-0.563512	-0.939055	-0.847825	-0.644618	0.932302	-0.638241	1.09287	1.16126	1.20733	1.25342	1.36792	1.60149	2.21716	0.0245718
setup	0	2019-07-29 23:00:00	11.9254	394.137	193.745	19.2593	259.318	0	0	0	0	0	0	-0.860706	-1.20499	-0.516424	-0.860578	-0.771319	-0.572502	0.970916	-0.566262	1.12907	1.19608	1.24122	1.28637	1.3985	1.62701	2.22739	0.0231061
setup	0	2019-07-30 23:00:00	11.9264	394.9	193.934	19.2783	259.743	0	0	0	0	0	0	-0.779601	-1.09144	-0.467761	-0.779476	-0.692343	-0.498262	1.00916	-0.492171	1.16458	1.23011	1.27426	1.31843	1.42808	1.65141	2.23677	0.0215628
setup	0	2019-07-31 23:00:00	11.9274	395.675	194.124	19.2974	260.183	0	0	0	0	0	0	-0.695894	-0.974251	-0.417536	-0.695773	-0.610912	-0.421891	1.0472	-0.415959	1.19956	1.26354	1.30664	1.34976	1.45684	1.67488	2.24542	0.0199405
setup	0	2019-08-01 23:00:00	11.9285	396.459	194.313	19.3163	260.638	0	0	0	0	0	0	-0.60961	-0.853454	-0.365766	-0.609493	-0.527041	-0.343386	1.08515	-0.337623	1.23419	1.29652	1.33853	1.38056	1.48495	1.69758	2.25345	0.0182379
setup	0	2019-08-02 23:00:00	11.9296	397.252	194.502	19.3352	261.108	0	0	0	0	0	0	-0.520775	-0.729085	-0.312465	-0.520662	-0.440748	-0.262747	1.12315	-0.257161	1.26859	1.3292	1.37007	1.41096	1.51258	1.71967	2.26096	0.0164533
setup	0	2019-08-03 23:00:00	11.9307	398.054	194.689	19.354	261.592	0	0	0	0	0	0	-0.429415	-0.601182	-0.257649	-0.429306	-0.352053	-0.179977	1.1613	-0.174577	1.3029	1.36172	1.40139	1.4411	1.53985	1.74128	2.26805	0.0145852
setup	0	2019-08-04 23:00:00	11.9318	398.863	194.875	19.3727	262.09	0	0	0	0	0	0	-0.335558	-0.469781	-0.201335	-0.335453	-0.260975	-0.0950805	1.19969	-0.0898745	1.33722	1.39417	1.43261	1.4711	1.56688	1.76253	2.27481	0.0126317
setup	0	2019-08-05 23:00:00	11.9329	399.68	195.059	19.3912	262.604	0	0	0	0	0	0	-0.23923	-0.334922	-0.143538	-0.23913	-0.167539	-0.00807778	1.23759	-0.00307357	1.37147	1.42656	1.46374	1.501	1.59377	1.78353	2.28132	0.0105754
setup	0	2019-08-06 23:00:00	11.9341	400.502	195.242	19.4095	263.131	0	0	0	0	0	0	-0.140461	-0.196645	-0.0842766	-0.140366	-0.0718261	0.0808394	1.27295	0.0856304	1.40414	1.4577	1.49384	1.53003	1.62008	1.80422	2.28766	0.00834322
setup	0	2019-08-07 23:00:00	11.9353	401.33	195.422	19.4275	263.673	0	0	0	0	0	0	-0.0392796	-0.0549915	-0.0235678	-0.0391893	0.0260414	0.171337	1.30438	0.175897	1.43331	1.48593	1.52136	1.5568	1.64479	1.82415	2.29385	0.00578752
setup	0	2019-08-08 23:00:00	11.9364	402.163	195.599	19.4453	264.17	0	0.250374	0	0	0	0	0.0642839	0.0385703	0.0899975	0.0643693	0.125958	0.263143	1.3336	0.267448	1.45812	1.51027	1.54532	1.58033	1.667	1.84266	2.29978	0.00570096
setup	0	2019-08-09 23:00:00	11.9377	403	195.773	19.4628	264.64	0	0.687696	0	0	0	0	0.170199	0.102119	0.238279	0.170279	0.22795	0.356406	1.36033	0.360437	1.47905	1.53101	1.56589	1.60066	1.68649	1.85936	2.30528	0.0073474
setup	0	2019-08-10 23:00:00	11.9389	403.84	195.945	19.48	265.122	0	1.14617	0	0	0	0	0.278434	0.16706	0.389808	0.278506	0.329422	0.442834	1.26501	0.446393	1.4193	1.49108	1.53705	1.58123	1.68342	1.86935	2.31009	0.00884257
setup	0	2019-08-11 23:00:00	11.9401	404.682	196.112	19.4969	265.615	0	1.62157	0	0	0	0	0.388957	0.233374	0.54454	0.389018	0.431853	0.527263	1.26443	0.530258	1.37869	1.44903	1.49629	1.543	1.6542	1.85892	2.3121	0.0102984
setup	0	2019-08-12 23:00:00	11.9414	405.526	196.276	19.5133	266.118	0	2.11209	0	0	0	0	0.501736	0.301042	0.70243	0.501789	0.538776	0.62116	1.26841	0.623745	1.36748	1.43658	1.48267	1.52846	1.63925	1.84694	2.30912	0.0119843
setup	0	2019-08-13 23:00:00	11.9426	406.371	196.436	19.5293	266.633	0	2.61671	0	0	0	0	0.616736	0.370042	0.863431	0.616783	0.648607	0.719491	1.29017	0.721715	1.37298	1.43671	1.48012	1.52386	1.63198	1.83812	2.30308	0.0137862
setup	0	2019-08-14 23:00:00	11.9439	407.216	196.591	19.5449	267.158	0	3.1347	0	0	0	0	0.733925	0.440355	1.02749	0.733965	0.760655	0.820106	1.3034	0.821972	1.37566	1.439	1.48149	1.52404	1.62978	1.83287	2.29581	0.0156553
setup	0	2019-08-15 23:00:00	11.9452	408.06	196.741	19.56	267.694	0	3.66554	0	0	0	0	0.853266	0.51196	1.19457	0.853299	0.874716	0.922419	1.32229	0.923916	1.37944	1.44125	1.48282	1.52449	1.62829	1.82889	2.28824	0.01758
setup	0	2019-08-16 23:00:00	11.9465	408.903	196.887	19.5746	268.24	0	4.20879	0	0	0	0	0.974725	0.584835	1.36462	0.974752	0.991134	1.02762	1.34773	1.02877	1.38957	1.44862	1.48857	1.5288	1.62959	1.82629	2.28057	0.0195909
setup	0	2019-08-17 23:00:00	11.9478	409.744	197.027	19.5835	268.797	0	4.76409	0	0	0	0	1.09827	0.65896	1.53757	1.09829	1.10996	1.13595	1.38009	1.13676	1.40752	1.46268	1.50034	1.53849	1.63497	1.82595	2.27306	0.0216964
setup	0	2019-08-18 23:00:00	11.9492	410.582	197.161	19.597	269.364	0	5.33113	0	0	0	0	1.22385	0.734311	1.71339	1.22387	1.23129	1.24783	1.41928	1.24835	1.43606	1.48579	1.52023	1.55546	1.6459	1.82881	2.26611	0.0239101
setup	0	2019-08-19 23:00:00	11.9505	411.416	197.289	19.6099	269.942	0	5.9096	0	0	0	0	1.35145	0.810868	1.89202	1.35146	1.35536	1.36405	-99.99	1.36433	1.47996	1.52205	1.55188	1.58293	1.66471	1.83619	2.26018	0.0262552
setup	0	2019-08-20 23:00:00	11.9518	412.246	197.412	19.6222	270.529	0	6.49923	0	0	0	0	1.48101	0.888606	2.07341	1.48102	1.48241	1.4855	-99.99	1.4856	1.54534	1.57712	1.60052	1.62565	1.69502	1.85012	2.25593	0.0287591
setup	0	2019-08-21 23:00:00	11.9532	413.071	197.527	19.6338	271.126	0	7.09978	0	0	0	0	1.61251	0.967503	2.25751	1.61251	1.61242	1.61221	-99.99	1.6122	1.6351	1.65545	1.67099	1.68852	1.74117	1.87332	2.25423	0.0314303
setup	0	2019-08-22 23:00:00	11.9546	413.89	197.637	19.6448	271.734	0	7.71099	0	0	0	0	1.74589	1.04754	2.44425	1.7459	1.74516	1.7435	-99.99	1.74345	1.74416	1.754	1.76184	1.77148	1.8053	1.90858	2.25626	0.034257
setup	0	2019-08-23 23:00:00	11.956	414.702	197.739	19.6551	272.35	0	5.5694	0	0	0	0	1.88114	1.12868	2.63359	1.88114	1.88217	1.88446	-99.99	1.88453	1.87692	1.86541	1.86291	1.86408	1.88013	1.95636	2.26331	0.0373494
setup	0	2019-08-24 23:00:00	11.9574	415.507	197.834	19.6647	272.977	0	3.01369	0	0	0	0	2.01819	1.21091	2.82547	2.0182	2.01691	2.01406	-99.99	2.01397	1.99566	1.9797	1.97282	1.96885	1.97103	2.01727	2.27624	0.0401627
setup	0	2019-08-25 23:00:00	11.9588	416.304	197.921	19.6735	273.613	0	3.23323	0	0	0	0	2.15702	1.29421	3.01983	2.15702	2.1552	2.15113	-99.99	2.151	2.12364	2.09712	2.08349	2.07304	2.06026	2.0812	2.29522	0.0432268
setup	0	2019-08-26 23:00:00	11.9602	417.092	198.001	19.6815	274.258	0	3.43935	0	0	0	0	2.29758	1.37855	3.21661	2.29758	2.29529	2.29019	-99.99	2.29003	2.25498	2.21916	2.19943	2.18297	2.15581	2.1509	2.31908	0.0463829
setup	0	2019-08-27 23:00:00	11.9616	417.871	198.073	19.6888	274.913	0	3.9868	0	0	0	0	2.43983	1.4639	3.41576	2.43983	2.43707	2.43093	-99.99	2.43074	2.3882	2.3436	2.31814	2.29605	2.25527	2.22545	2.34751	0.0496255
setup	0	2019-08-28 23:00:00	11.9631	418.64	198.136	19.6952	275.576	0	3.88366	0	0	0	0	2.58372	1.55023	3.61721	2.58372	2.58057	2.57354	-99.99	2.57332	2.52413	2.47111	2.44004	2.41243	2.35836	2.30415	2.38019	0.0529619
setup	0	2019-08-29 23:00:00	11.9645	419.399	198.192	19.7009	276.249	0	4.0985	0	0	0	0	2.72922	1.63753	3.82091	2.72923	2.72567	2.71774	-99.99	2.71749	2.66156	2.6005	2.56415	2.53133	2.46456	2.38665	2.41681	0.0563869
setup	0	2019-08-30 23:00:00	11.9659	420.146	198.239	19.7056	276.93	0	4.65185	0	0	0	0	2.87629	1.72577	4.0268	2.87629	2.87236	2.8636	-99.99	2.86333	2.80107	2.73279	2.69174	2.65429	2.57533	2.47315	2.45712	0.0599057
setup	0	2019-08-31 23:00:00	11.9674	420.881	198.277	19.7095	277.62	0	4.47897	0	0	0	0	3.02487	1.81492	4.23481	3.02487	3.02053	3.01085	-99.99	3.01055	2.9416	2.86525	2.81886	2.7761	2.68513	2.56176	2.50097	0.0635126
setup	0	2019-09-01 23:00:00	11.9689	421.603	198.306	19.7125	278.318	0	4.69863	0	0	0	0	3.17492	1.90495	4.44489	3.17492	3.17019	3.15966	-99.99	3.15933	3.08405	3.00011	2.94872	2.90104	2.7982	2.65278	2.54789	0.0672149
setup	0	2019-09-02 23:00:00	11.9703	422.313	198.326	19.7146	279.025	0	4.9211	0	0	0	0	3.32641	1.99584	4.65697	3.32641	3.32131	3.30994	-99.99	3.30958	3.22816	3.13686	3.08064	3.02817	2.91371	2.74652	2.5977	0.0710127
setup	0	2019-09-03 23:00:00	11.9718	423.008	198.337	19.7158	279.74	0	5.14505	0	0	0	0	3.47928	2.08757	4.87099	3.47928	3.47381	3.46163	-99.99	3.46125	3.37383	3.27534	3.21437	3.15722	3.03136	2.84274	2.65031	0.0749066
setup	0	2019-09-04 23:00:00	11.9733	423.69	198.339	19.716	280.462	0	5.36991	0	0	0	0	3.63349	2.18009	5.08688	3.63349	3.62766	3.61469	-99.99	3.61428	3.52098	3.41543	3.3498	3.28805	3.15099	2.94127	2.70559	0.0788979
setup	0	2019-09-05 23:00:00	11.9748	424.357	198.331	19.7153	281.193	0	5.59551	0	0	0	0	3.78899	2.27339	5.30459	3.78899	3.78281	3.76905	-99.99	3.76862	3.66954	3.55705	3.48685	3.42057	3.2725	3.04198	2.76342	0.0829876
setup	0	2019-09-06 23:00:00	11.9763	425.008	198.313	19.7136	281.931	0	5.82167	0	0	0	0	3.94574	2.36745	5.52404	3.94574	3.93922	3.92469	-99.99	3.92423	3.81946	3.70014	3.62543	3.5547	3.39578	3.14475	2.82368	0.0871768
setup	0	2019-09-07 23:00:00	11.9778	425.643	198.286	19.711	282.677	0	6.04822	0	0	0	0	4.1037	2.46222	5.74517	4.10369	4.09683	4.08154	-99.99	4.08106	3.97069	3.84464	3.76549	3.69038	3.52076	3.24949	2.88629	0.0914665
setup	0	2019-09-08 23:00:00	11.9793	426.263	198.249	19.7074	283.43	0	6.27499	0	0	0	0	4.2628	2.55768	5.96792	4.2628	4.2556	4.23956	-99.99	4.23906	4.12317	3.99048	3.90697	3.82752	3.64735	3.35611	2.95114	0.0958578
setup	0	2019-09-09 23:00:00	11.9808	426.865	198.202	19.7027	284.19	0	6.50182	0	0	0	0	4.42302	2.65381	6.19222	4.42301	4.41548	4.39871	-99.99	4.39818	4.27685	4.13763	4.04979	3.96608	3.77551	3.46452	3.01815	0.100352
setup	0	2019-09-10 23:00:00	11.9823	427.45	198.145	19.6971	284.957	0	7.62819	0	0	0	0	4.58429	2.75058	6.41801	4.58429	4.57635	4.55867	-99.99	4.55811	4.43243	4.28609	4.1936	4.1054	3.90436	3.57429	3.08723	0.104942
setup	0	2019-09-11 23:00:00	11.9838	428.018	198.078	19.6905	285.731	0	7.35371	0	0	0	0	4.74658	2.84795	6.64521	4.74657	4.73843	4.72029	-99.99	4.71972	4.58893	4.43703	4.34072	4.2486	4.03731	3.68686	3.15828	0.109652
setup	0	2019-09-12 23:00:00	11.9853	428.568	198.001	19.6828	286.511	0	7.60666	0	0	0	0	4.90983	2.9459	6.87376	4.90982	4.90138	4.88256	-99.99	4.88197	4.74588	4.58778	4.48741	4.39125	4.17009	3.80071	3.23143	0.114459
setup	0	2019-09-13 23:00:00	11.9868	429.099	197.913	19.6741	287.298	0	7.83122	0	0	0	0	5.074	3.0444	7.1036	5.07399	5.06523	5.04571	-99.99	5.0451	4.90377	4.73952	4.63509	4.53491	4.30393	3.91584	3.3065	0.119373
setup	0	2019-09-14 23:00:00	11.9884	429.612	197.816	19.6645	288.091	0	8.05956	0	0	0	0	5.23903	3.14342	7.33464	5.23902	5.22995	5.20975	-99.99	5.20912	5.06264	4.89229	4.78383	4.67967	4.43897	4.03234	3.38337	0.124393
setup	0	2019-09-15 23:00:00	11.9899	430.105	197.708	19.6538	288.89	0	8.29085	0	0	0	0	5.40488	3.24293	7.56683	5.40487	5.3955	5.37462	-99.99	5.37396	5.22244	5.04607	4.93363	4.82553	4.57521	4.15022	3.46198	0.12952
setup	0	2019-09-16 23:00:00	11.9914	430.58	197.59	19.642	289.695	0	10.0431	0	0	0	0	5.5715	3.3429	7.8001	5.57149	5.56195	5.54069	-99.99	5.54003	5.38488	5.20332	5.08774	4.97658	4.71712	4.2712	3.54231	0.134772
setup	0	2019-09-17 23:00:00	11.9929	431.034	197.462	19.6293	290.505	0	9.70584	0	0	0	0	5.73884	3.44331	8.03438	5.73883	5.72879	5.70643	-99.99	5.70572	5.54525	5.35687	5.23666	5.12089	4.85198	4.39148	3.62464	0.140095
setup	0	2019-09-18 23:00:00	11.9945	431.469	197.323	19.6155	291.321	0	10.8176	0	0	0	0	5.90685	3.54411	8.26959	5.90684	5.89656	5.87365	-99.99	5.87293	5.70877	5.51424	5.38997	5.27014	4.99156	4.51354	3.7083	0.145554
setup	0	2019-09-19 23:00:00	11.996	431.884	197.175	19.6007	292.142	0	9.54716	0	0	0	0	6.07548	3.64529	8.50568	6.07547	6.06495	6.04151	-99.99	6.04077	5.87096	5.67158	5.5436	5.42002	5.13231	4.63619	3.79349	0.15112
setup	0	2019-09-20 23:00:00	11.9975	432.278	197.016	19.5849	292.967	0	9.8054	0	0	0	0	6.24469	3.74681	8.74256	6.24467	6.23386	6.20979	-99.99	6.20904	6.03418	5.82896	5.69741	5.57034	5.27375	4.76032	3.88013	0.156793
setup	0	2019-09-21 23:00:00	11.9991	432.652	196.847	19.5681	293.798	0	10.0277	0	0	0	0	6.41441	3.84864	8.98017	6.41439	6.4033	6.3786	-99.99	6.37782	6.19815	5.9874	5.85219	5.7215	5.41596	4.88543	3.96824	0.162577
setup	0	2019-09-22 23:00:00	12.0006	433.005	196.668	19.5503	294.633	0	10.2542	0	0	0	0	6.5846	3.95076	9.21844	6.58458	6.57321	6.54789	-99.99	6.54709	6.36276	6.14654	6.00772	5.87344	5.55906	5.01163	4.05776	0.168472
setup	0	2019-09-23 23:00:00	12.0021	433.338	196.479	19.5315	295.472	0	10.4816	0	0	0	0	6.75521	4.05312	9.45729	6.75519	6.74355	6.71761	-99.99	6.7168	6.52794	6.30633	6.16393	6.0261	5.70301	5.13889	4.14867	0.174478
setup	0	2019-09-24 23:00:00	12.0036	433.65	196.281	19.5117	296.316	0	11.5205	0	0	0	0	6.92619	4.15571	9.69666	6.92617	6.91451	6.88856	-99.99	6.88774	6.69848	6.47485	6.3282	6.18603	5.85206	5.26859	4.24093	0.180624
setup	0	2019-09-25 23:00:00	12.0052	433.941	196.072	19.4909	297.163	0	11.9355	0	0	0	0	7.09748	4.25849	9.93648	7.09746	7.08535	7.05835	-99.99	7.05751	6.86008	6.62767	6.47821	6.33348	5.99377	5.39761	4.33485	0.186837
setup	0	2019-09-26 23:00:00	12.0067	434.211	195.854	19.4692	298.014	0	11.2787	0	0	0	0	7.26905	4.36143	10.1767	7.26903	7.25668	7.22918	-99.99	7.22832	7.02683	6.78973	6.637	6.48886	6.14043	5.52747	4.42982	0.193174
setup	0	2019-09-27 23:00:00	12.0082	434.46	195.627	19.4465	298.868	0	11.4874	0	0	0	0	7.44083	4.4645	10.4172	7.44081	7.42819	7.4001	-99.99	7.39922	7.19342	6.95125	6.79516	6.64368	6.28704	5.65829	4.52595	0.199621
setup	0	2019-09-28 23:00:00	12.0098	434.688	195.39	19.4229	299.725	0	11.7008	0	0	0	0	7.61278	4.56767	10.6579	7.61275	7.59988	7.57121	-99.99	7.57031	7.36031	7.11314	6.95373	6.79895	6.43421	5.7899	4.62327	0.206179
setup	0	2019-09-29 23:00:00	12.0113	434.895	195.144	19.3984	300.585	0	11.9133	0	0	0	0	7.78484	4.6709	10.8988	7.78481	7.77169	7.74246	-99.99	7.74155	7.52745	7.27536	7.11268	6.95464	6.58193	5.92227	4.72173	0.212848
setup	0	2019-09-30 23:00:00	12.0128	435.081	194.889	19.3729	301.448	0	12.1225	0	0	0	0	7.95696	4.77418	11.1398	7.95694	7.94357	7.9138	-99.99	7.91287	7.69476	7.43782	7.27192	7.11069	6.73014	6.05537	4.82133	0.219626
setup	0	2019-10-01 23:00:00	12.0143	435.247	194.625	19.3466	302.313	0	12.3262	0	0	0	0	8.1291	4.87746	11.3807	8.12907	8.11547	8.08516	-99.99	8.08421	7.86246	7.60067	7.43153	7.26711	6.8788	6.18913	4.92201	0.226512
setup	0	2019-10-02 23:00:00	12.0158	435.392	194.352	19.3194	303.18	0	12.5214	0	0	0	0	8.3012	4.98072	11.6217	8.30117	8.28728	8.25633	-99.99	8.25536	8.02924	7.76312	7.59105	7.42365	7.02792	6.32363	5.02376	0.233497
setup	0	2019-10-03 23:00:00	12.0174	435.516	194.071	19.2914	304.049	0	12.7185	0	0	0	0	8.47321	5.08393	11.8625	8.47318	8.45906	8.42759	-99.99	8.4266	8.19664	7.92587	7.75071	7.58025	7.17707	6.45847	5.12653	0.240598
setup	0	2019-10-04 23:00:00	12.0189	435.62	193.782	19.2625	304.92	0	12.9114	0	0	0	0	8.64508	5.18705	12.1031	8.64505	8.6307	8.59873	-99.99	8.59772	8.36402	8.08872	7.91055	7.73711	7.32662	6.59387	5.23027	0.247805
setup	0	2019-10-05 23:00:00	12.0204	435.704	193.484	19.2328	305.792	0	13.0998	0	0	0	0	8.81676	5.29006	12.3435	8.81673	8.80215	8.76969	-99.99	8.76867	8.5313	8.25156	8.07045	7.89408	7.47643	6.72978	5.33494	0.255117
setup	0	2019-10-06 23:00:00	12.0219	435.768	193.179	19.2024	306.665	0	13.2836	0	0	0	0	8.9882	5.39292	12.5835	8.98817	8.97337	8.94042	-99.99	8.93939	8.69843	8.41435	8.23035	8.05111	7.62642	6.86612	5.44052	0.262532
setup	0	2019-10-07 23:00:00	12.0234	435.812	192.866	19.1711	307.539	0	16.7607	0	0	0	0	9.15935	5.49561	12.8231	9.15931	9.14392	9.10963	-99.99	9.10855	8.86453	8.57377	8.38597	8.20346	7.77308	7.00168	5.54699	0.269985
setup	0	2019-10-08 23:00:00	12.0249	435.837	192.546	19.1392	308.414	0	16.0142	0	0	0	0	9.33015	5.59809	13.0622	9.33011	9.31507	9.28156	-99.99	9.28051	9.03676	8.74383	8.5538	8.36867	7.92945	7.14041	5.65415	0.27767
setup	0	2019-10-09 23:00:00	12.0264	435.843	192.218	19.1065	309.289	0	15.0807	0	0	0	0	9.50055	5.70033	13.3008	9.50051	9.48522	9.45117	-99.99	9.4501	9.20148	8.90568	8.71382	8.52672	8.08158	7.27973	5.76255	0.285376
setup	0	2019-10-10 23:00:00	12.0278	435.829	191.884	19.0731	310.164	0	15.2539	0	0	0	0	9.67052	5.80231	13.5387	9.67047	9.65499	9.62051	-99.99	9.61943	9.36738	9.06791	8.87359	8.68396	8.23249	7.41828	5.87196	0.29319
setup	0	2019-10-11 23:00:00	12.0293	435.798	191.543	19.0391	311.039	0	15.4184	0	0	0	0	9.83998	5.90399	13.776	9.83994	9.82427	9.78937	-99.99	9.78827	9.53294	9.22973	9.03292	8.84079	8.3831	7.55672	5.98207	0.301098
setup	0	2019-10-12 23:00:00	12.0308	435.748	191.196	19.0045	311.913	0	15.5842	0	0	0	0	10.0089	6.00534	14.0125	10.0089	9.993	9.95769	-99.99	9.95658	9.6981	9.3912	9.19191	8.99731	8.53352	7.69518	6.09281	0.3091
setup	0	2019-10-13 23:00:00	12.0323	435.68	190.843	18.9692	312.787	0	18.9971	0	0	0	0	10.1772	6.10634	14.2481	10.1772	10.1614	10.1263	-99.99	10.1252	9.86971	9.56198	9.36102	9.16312	8.68986	7.83581	6.20418	0.317235
setup	0	2019-10-14 23:00:00	12.0337	435.595	190.484	18.9334	313.659	0	16.5015	0	0	0	0	10.3449	6.20695	14.4829	10.3449	10.3287	10.2928	-99.99	10.2917	10.0291	9.71598	9.51241	9.31344	8.83839	7.97584	6.31668	0.325374
setup	0	2019-10-15 23:00:00	12.0352	435.492	190.119	18.897	314.53	0	16.6372	0	0	0	0	10.5119	6.30714	14.7167	10.5119	10.4955	10.4592	-99.99	10.4581	10.1921	9.87536	9.66942	9.4681	8.98727	8.11394	6.42965	0.333637
setup	0	2019-10-16 23:00:00	12.0366	435.374	189.749	18.8601	315.399	0	16.7752	0	0	0	0	10.6781	6.40689	14.9494	10.6781	10.6616	10.6249	-99.99	10.6237	10.3547	10.0346	9.82638	9.6228	9.13639	8.25222	6.54289	0.341985
setup	0	2019-10-17 23:00:00	12.038	435.239	189.375	18.8227	316.267	0	16.916	0	0	0	0	10.8436	6.50616	15.181	10.8435	10.8269	10.7898	-99.99	10.7886	10.5168	10.1934	9.98298	9.7772	9.28536	8.39057	6.65652	0.350415
setup	0	2019-10-18 23:00:00	12.0395	435.088	188.996	18.7849	317.132	0	17.0532	0	0	0	0	11.0082	6.60492	15.4115	11.0081	10.9913	10.9539	-99.99	10.9527	10.6782	10.3516	10.139	9.93113	9.43403	8.52889	6.77057	0.358922
setup	0	2019-10-19 23:00:00	12.0409	434.922	188.613	18.7467	317.995	0	20.8774	0	0	0	0	11.1719	6.70315	15.6407	11.1719	11.1551	11.1179	-99.99	11.1167	10.848	10.5202	10.3039	10.0924	9.58681	8.66856	6.88503	0.367542
setup	0	2019-10-20 23:00:00	12.0423	434.742	188.226	18.708	318.855	0	19.6897	0	0	0	0	11.3347	6.80081	15.8686	11.3346	11.3176	11.2796	-99.99	11.2784	11.0012	10.6694	10.4532	10.2415	9.73489	8.80865	7.00034	0.376147
setup	0	2019-10-21 23:00:00	12.0437	434.548	187.835	18.6691	319.712	0	18.3804	0	0	0	0	11.4965	6.89788	16.0951	11.4964	11.4792	11.441	-99.99	11.4398	11.1597	10.8252	10.6073	10.3938	9.88224	8.94664	7.11608	0.384865
setup	0	2019-10-22 23:00:00	12.0451	434.34	187.442	18.6297	320.566	0	18.4711	0	0	0	0	11.6572	6.99434	16.3201	11.6572	11.6398	11.6013	-99.99	11.6001	11.3174	10.9802	10.7604	10.545	10.0289	9.0843	7.23196	0.39365
setup	0	2019-10-23 23:00:00	12.0465	434.119	187.045	18.5902	321.416	0	18.5707	0	0	0	0	11.8169	7.09014	16.5436	11.8168	11.7994	11.7605	-99.99	11.7593	11.4743	11.1343	10.9127	10.6956	10.175	9.22163	7.34803	0.402495
setup	0	2019-10-24 23:00:00	12.0478	433.885	186.646	18.5503	322.262	0	18.673	0	0	0	0	11.9754	7.18526	16.7656	11.9754	11.9578	11.9186	-99.99	11.9174	11.6302	11.2876	11.0643	10.8454	10.3206	9.35864	7.46429	0.411397
setup	0	2019-10-25 23:00:00	12.0492	433.64	186.245	18.5103	323.104	0	18.7699	0	0	0	0	12.1328	7.27967	16.9859	12.1327	12.115	12.0756	-99.99	12.0743	11.7851	11.44	11.215	10.9945	10.4655	9.49528	7.58073	0.420352
setup	0	2019-10-26 23:00:00	12.0505	433.383	185.842	18.47	323.942	0	24.4493	0	0	0	0	12.2889	7.37335	17.2045	12.2888	12.2711	12.2316	-99.99	12.2303	11.9398	11.5918	11.3649	11.143	10.6113	9.63529	7.69749	0.42936
setup	0	2019-10-27 23:00:00	12.0519	433.115	185.437	18.4296	324.774	0	19.6196	0	0	0	0	12.4438	7.46627	17.4213	12.4437	12.4258	12.386	-99.99	12.3847	12.091	11.7417	11.514	11.2907	10.7551	9.77026	7.8149	0.438403
setup	0	2019-10-28 23:00:00	12.0532	432.838	185.031	18.3891	325.602	0	23.8183	0	0	0	0	12.5973	7.5584	17.6363	12.5973	12.5795	12.54	-99.99	12.5388	12.2549	11.9033	11.6722	11.4461	10.9024	9.90662	7.93197	0.447526
