source	id	datetime	species	area_cover[-]	area_fraction[-]	n_tree[ha-1]	vol_tree[m3ha-1]	h_max[m]	h_min[m]	diam_ground[m]	diam_breast[m]	depth[m]	sla[m2kg-1]	lai[-]	crown_diam_ratio[-]	sap_fol_ratio[-]	branch_fraction[-]	DW_stem_wood[kgm-2]	DW_branch_wood[kgm-2]	DW_root_wood[kgm-2]
setup	0	2023-04-20 23:00:00	ANGA	1	1	0	0	1.2	0	0	0	1.2	424	2.64726	1	0	0	0	0	0
setup	0	2023-04-21 23:00:00	ANGA	1	1	0	0	1.2	0	0	0	1.2	424	2.64463	1	0	0	0	0	0
setup	0	2023-04-22 23:00:00	ANGA	1	1	0	0	1.2	0	0	0	1.2	424	2.64161	1	0	0	0	0	0
setup	0	2023-04-23 23:00:00	ANGA	1	1	0	0	1.2	0	0	0	1.2	424	2.63816	1	0	0	0	0	0
setup	0	2023-04-24 23:00:00	ANGA	1	1	0	0	1.2	0	0	0	1.2	424	2.63422	1	0	0	0	0	0
setup	0	2023-04-25 23:00:00	ANGA	1	1	0	0	1.2	0	0	0	1.2	424	2.62973	1	0	0	0	0	0
setup	0	2023-04-26 23:00:00	ANGA	1	1	0	0	1.2	0	0	0	1.2	424	2.62464	1	0	0	0	0	0
setup	0	2023-04-27 23:00:00	ANGA	1	1	0	0	1.2	0	0	0	1.2	424	2.61886	1	0	0	0	0	0
setup	0	2023-04-28 23:00:00	ANGA	1	1	0	0	1.2	0	0	0	1.2	424	2.61234	1	0	0	0	0	0
setup	0	2023-04-29 23:00:00	ANGA	1	1	0	0	1.2	0	0	0	1.2	424	2.60499	1	0	0	0	0	0
setup	0	2023-04-30 23:00:00	ANGA	1	1	0	0	1.2	0	0	0	1.2	424	2.59673	1	0	0	0	0	0
setup	0	2023-05-01 23:00:00	ANGA	1	1	0	0	1.2	0	0	0	1.2	424	2.58747	1	0	0	0	0	0
setup	0	2023-05-02 23:00:00	ANGA	1	1	0	0	1.2	0	0	0	1.2	424	2.57713	1	0	0	0	0	0
setup	0	2023-05-03 23:00:00	ANGA	1	1	0	0	1.2	0	0	0	1.2	424	2.56559	1	0	0	0	0	0
setup	0	2023-05-04 23:00:00	ANGA	1	1	0	0	1.2	0	0	0	1.2	424	2.55277	1	0	0	0	0	0
setup	0	2023-05-05 23:00:00	ANGA	1	1	0	0	1.2	0	0	0	1.2	424	2.53855	1	0	0	0	0	0
setup	0	2023-05-06 23:00:00	ANGA	1	1	0	0	1.2	0	0	0	1.2	424	2.52283	1	0	0	0	0	0
setup	0	2023-05-07 23:00:00	ANGA	1	1	0	0	1.2	0	0	0	1.2	424	2.5055	1	0	0	0	0	0
setup	0	2023-05-08 23:00:00	ANGA	1	1	0	0	1.2	0	0	0	1.2	424	2.48643	1	0	0	0	0	0
setup	0	2023-05-09 23:00:00	ANGA	1	1	0	0	1.2	0	0	0	1.2	424	2.46553	1	0	0	0	0	0
setup	0	2023-05-10 23:00:00	ANGA	1	1	0	0	1.2	0	0	0	1.2	424	2.44267	1	0	0	0	0	0
setup	0	2023-05-11 23:00:00	ANGA	1	1	0	0	1.2	0	0	0	1.2	424	2.41775	1	0	0	0	0	0
setup	0	2023-05-12 23:00:00	ANGA	1	1	0	0	1.2	0	0	0	1.2	424	2.39064	1	0	0	0	0	0
setup	0	2023-05-13 23:00:00	ANGA	1	1	0	0	1.2	0	0	0	1.2	424	2.36125	1	0	0	0	0	0
setup	0	2023-05-14 23:00:00	ANGA	1	1	0	0	1.2	0	0	0	1.2	424	2.32948	1	0	0	0	0	0
setup	0	2023-05-15 23:00:00	ANGA	1	1	0	0	1.2	0	0	0	1.2	424	2.29523	1	0	0	0	0	0
setup	0	2023-05-16 23:00:00	ANGA	1	1	0	0	1.2	0	0	0	1.2	424	2.25842	1	0	0	0	0	0
setup	0	2023-05-17 23:00:00	ANGA	1	1	0	0	1.2	0	0	0	1.2	424	2.21897	1	0	0	0	0	0
setup	0	2023-05-18 23:00:00	ANGA	1	1	0	0	1.2	0	0	0	1.2	424	2.17682	1	0	0	0	0	0
setup	0	2023-05-19 23:00:00	ANGA	1	1	0	0	1.2	0	0	0	1.2	424	2.13192	1	0	0	0	0	0
setup	0	2023-05-20 23:00:00	ANGA	1	1	0	0	1.2	0	0	0	1.2	424	2.08425	1	0	0	0	0	0
setup	0	2023-05-21 23:00:00	ANGA	1	1	0	0	1.2	0	0	0	1.2	424	2.03377	1	0	0	0	0	0
setup	0	2023-05-22 23:00:00	ANGA	1	1	0	0	1.2	0	0	0	1.2	424	1.9805	1	0	0	0	0	0
setup	0	2023-05-23 23:00:00	ANGA	1	1	0	0	1.2	0	0	0	1.2	424	1.92446	1	0	0	0	0	0
setup	0	2023-05-24 23:00:00	ANGA	1	1	0	0	1.2	0	0	0	1.2	424	1.86571	1	0	0	0	0	0
setup	0	2023-05-25 23:00:00	ANGA	1	1	0	0	1.2	0	0	0	1.2	424	1.8043	1	0	0	0	0	0
setup	0	2023-05-26 23:00:00	ANGA	1	1	0	0	1.2	0	0	0	1.2	424	1.74034	1	0	0	0	0	0
setup	0	2023-05-27 23:00:00	ANGA	1	1	0	0	1.2	0	0	0	1.2	424	1.67395	1	0	0	0	0	0
setup	0	2023-05-28 23:00:00	ANGA	1	1	0	0	1.2	0	0	0	1.2	424	1.60527	1	0	0	0	0	0
setup	0	2023-05-29 23:00:00	ANGA	1	1	0	0	1.2	0	0	0	1.2	424	1.53449	1	0	0	0	0	0
setup	0	2023-05-30 23:00:00	ANGA	1	1	0	0	1.2	0	0	0	1.2	424	1.46181	1	0	0	0	0	0
setup	0	2023-05-31 23:00:00	ANGA	1	1	0	0	1.2	0	0	0	1.2	424	1.38745	1	0	0	0	0	0
setup	0	2023-06-01 23:00:00	ANGA	1	1	0	0	1.2	0	0	0	1.2	424	1.31167	1	0	0	0	0	0
setup	0	2023-06-02 23:00:00	ANGA	1	1	0	0	1.2	0	0	0	1.2	424	1.23476	1	0	0	0	0	0
setup	0	2023-06-03 23:00:00	ANGA	1	1	0	0	1.2	0	0	0	1.2	424	1.15703	1	0	0	0	0	0
setup	0	2023-06-04 23:00:00	ANGA	1	1	0	0	1.2	0	0	0	1.2	424	1.0788	1	0	0	0	0	0
setup	0	2023-06-05 23:00:00	ANGA	1	1	0	0	1.2	0	0	0	1.2	424	1.00043	1	0	0	0	0	0
setup	0	2023-06-06 23:00:00	ANGA	1	1	0	0	1.2	0	0	0	1.2	424	0.922283	1	0	0	0	0	0
setup	0	2023-06-07 23:00:00	ANGA	1	1	0	0	1.2	0	0	0	1.2	424	0.844753	1	0	0	0	0	0
setup	0	2023-06-08 23:00:00	ANGA	1	1	0	0	1.2	0	0	0	1.2	424	0.768238	1	0	0	0	0	0
setup	0	2023-06-09 23:00:00	ANGA	1	1	0	0	1.2	0	0	0	1.2	424	0.693149	1	0	0	0	0	0
setup	0	2023-06-10 23:00:00	ANGA	1	1	0	0	1.2	0	0	0	1.2	424	0.619902	1	0	0	0	0	0
setup	0	2023-06-11 23:00:00	ANGA	1	1	0	0	1.2	0	0	0	1.2	424	0.548918	1	0	0	0	0	0
setup	0	2023-06-12 23:00:00	ANGA	1	1	0	0	1.2	0	0	0	1.2	424	0.480613	1	0	0	0	0	0
setup	0	2023-06-13 23:00:00	ANGA	1	1	0	0	1.2	0	0	0	1.2	424	0.415402	1	0	0	0	0	0
setup	0	2023-06-14 23:00:00	ANGA	1	1	0	0	1.2	0	0	0	1.2	424	0.353688	1	0	0	0	0	0
setup	0	2023-06-15 23:00:00	ANGA	1	1	0	0	1.2	0	0	0	1.2	424	0.295862	1	0	0	0	0	0
setup	0	2023-06-16 23:00:00	ANGA	1	1	0	0	1.2	0	0	0	1.2	424	0.242296	1	0	0	0	0	0
setup	0	2023-06-17 23:00:00	ANGA	1	1	0	0	1.2	0	0	0	1.2	424	0.193343	1	0	0	0	0	0
setup	0	2023-06-18 23:00:00	ANGA	1	1	0	0	1.2	0	0	0	1.2	424	0.149327	1	0	0	0	0	0
setup	0	2023-06-19 23:00:00	ANGA	1	1	0	0	1.2	0	0	0	1.2	424	0.110545	1	0	0	0	0	0
setup	0	2023-06-20 23:00:00	ANGA	1	1	0	0	1.2	0	0	0	1.2	424	0.0772634	1	0	0	0	0	0
setup	0	2023-06-21 23:00:00	ANGA	1	1	0	0	1.2	0	0	0	1.2	424	0.0497103	1	0	0	0	0	0
setup	0	2023-06-22 23:00:00	ANGA	1	1	0	0	1.2	0	0	0	1.2	424	0.0280773	1	0	0	0	0	0
setup	0	2023-06-23 23:00:00	ANGA	1	1	0	0	1.2	0	0	0	1.2	424	0.0125155	1	0	0	0	0	0
setup	0	2023-06-24 23:00:00	ANGA	1	1	0	0	1.2	0	0	0	1.2	424	0.00313441	1	0	0	0	0	0
setup	0	2023-06-25 23:00:00	ANGA	1	1	0	0	1.2	0	0	0	1.2	424	0	1	0	0	0	0	0
setup	0	2023-06-26 23:00:00	ANGA	1	1	0	0	1.2	0	0	0	1.2	424	0	1	0	0	0	0	0
setup	0	2023-06-27 23:00:00	ANGA	1	1	0	0	1.2	0	0	0	1.2	424	0	1	0	0	0	0	0
setup	0	2023-06-28 23:00:00	ANGA	1	1	0	0	1.2	0	0	0	1.2	424	0	1	0	0	0	0	0
setup	0	2023-06-29 23:00:00	ANGA	1	1	0	0	1.2	0	0	0	1.2	424	0	1	0	0	0	0	0
setup	0	2023-06-30 23:00:00	ANGA	1	1	0	0	1.2	0	0	0	1.2	424	0	1	0	0	0	0	0
setup	0	2023-07-01 23:00:00	ANGA	1	1	0	0	1.2	0	0	0	1.2	424	0	1	0	0	0	0	0
setup	0	2023-07-02 23:00:00	ANGA	1	1	0	0	1.2	0	0	0	1.2	424	0	1	0	0	0	0	0
setup	0	2023-07-03 23:00:00	ANGA	1	1	0	0	1.2	0	0	0	1.2	424	0	1	0	0	0	0	0
setup	0	2023-07-04 23:00:00	ANGA	1	1	0	0	1.2	0	0	0	1.2	424	0	1	0	0	0	0	0
setup	0	2023-07-05 23:00:00	ANGA	1	1	0	0	1.2	0	0	0	1.2	424	0	1	0	0	0	0	0
setup	0	2023-07-06 23:00:00	ANGA	1	1	0	0	1.2	0	0	0	1.2	424	0	1	0	0	0	0	0
setup	0	2023-07-07 23:00:00	ANGA	1	1	0	0	1.2	0	0	0	1.2	424	0	1	0	0	0	0	0
setup	0	2023-07-08 23:00:00	ANGA	1	1	0	0	1.2	0	0	0	1.2	424	0	1	0	0	0	0	0
setup	0	2023-07-09 23:00:00	ANGA	1	1	0	0	1.2	0	0	0	1.2	424	0	1	0	0	0	0	0
setup	0	2023-07-10 23:00:00	ANGA	1	1	0	0	1.2	0	0	0	1.2	424	0	1	0	0	0	0	0
setup	0	2023-07-11 23:00:00	ANGA	1	1	0	0	1.2	0	0	0	1.2	424	0	1	0	0	0	0	0
setup	0	2023-07-12 23:00:00	ANGA	1	1	0	0	1.2	0	0	0	1.2	424	0	1	0	0	0	0	0
setup	0	2023-07-13 23:00:00	ANGA	1	1	0	0	1.2	0	0	0	1.2	424	0	1	0	0	0	0	0
setup	0	2023-07-14 23:00:00	ANGA	1	1	0	0	1.2	0	0	0	1.2	424	0	1	0	0	0	0	0
setup	0	2023-07-15 23:00:00	ANGA	1	1	0	0	1.2	0	0	0	1.2	424	0	1	0	0	0	0	0
setup	0	2023-07-16 23:00:00	ANGA	1	1	0	0	1.2	0	0	0	1.2	424	0	1	0	0	0	0	0
setup	0	2023-07-17 23:00:00	ANGA	1	1	0	0	1.2	0	0	0	1.2	424	0	1	0	0	0	0	0
setup	0	2023-07-18 23:00:00	ANGA	1	1	0	0	1.2	0	0	0	1.2	424	0	1	0	0	0	0	0
setup	0	2023-07-19 23:00:00	ANGA	1	1	0	0	1.2	0	0	0	1.2	424	0	1	0	0	0	0	0
setup	0	2023-07-20 23:00:00	ANGA	1	1	0	0	1.2	0	0	0	1.2	424	0	1	0	0	0	0	0
setup	0	2023-07-21 23:00:00	ANGA	1	1	0	0	1.2	0	0	0	1.2	424	0	1	0	0	0	0	0
setup	0	2023-07-22 23:00:00	ANGA	1	1	0	0	1.2	0	0	0	1.2	424	0	1	0	0	0	0	0
setup	0	2023-07-23 23:00:00	ANGA	1	1	0	0	1.2	0	0	0	1.2	424	0	1	0	0	0	0	0
setup	0	2023-07-24 23:00:00	ANGA	1	1	0	0	1.2	0	0	0	1.2	424	0	1	0	0	0	0	0
setup	0	2023-07-25 23:00:00	ANGA	1	1	0	0	1.2	0	0	0	1.2	424	0	1	0	0	0	0	0
setup	0	2023-07-26 23:00:00	ANGA	1	1	0	0	1.2	0	0	0	1.2	424	0	1	0	0	0	0	0
setup	0	2023-07-27 23:00:00	ANGA	1	1	0	0	1.2	0	0	0	1.2	424	0	1	0	0	0	0	0
setup	0	2023-07-28 23:00:00	ANGA	1	1	0	0	1.2	0	0	0	1.2	424	0	1	0	0	0	0	0
setup	0	2023-07-29 23:00:00	ANGA	1	1	0	0	1.2	0	0	0	1.2	424	0	1	0	0	0	0	0
setup	0	2023-07-30 23:00:00	ANGA	1	1	0	0	1.2	0	0	0	1.2	424	0	1	0	0	0	0	0
setup	0	2023-07-31 23:00:00	ANGA	1	1	0	0	1.2	0	0	0	1.2	424	0	1	0	0	0	0	0
setup	0	2023-08-01 23:00:00	ANGA	1	1	0	0	1.2	0	0	0	1.2	424	0	1	0	0	0	0	0
setup	0	2023-08-02 23:00:00	ANGA	1	1	0	0	1.2	0	0	0	1.2	424	0	1	0	0	0	0	0
setup	0	2023-08-03 23:00:00	ANGA	1	1	0	0	1.2	0	0	0	1.2	424	0	1	0	0	0	0	0
setup	0	2023-08-04 23:00:00	ANGA	1	1	0	0	1.2	0	0	0	1.2	424	0	1	0	0	0	0	0
setup	0	2023-08-05 23:00:00	ANGA	1	1	0	0	1.2	0	0	0	1.2	424	0	1	0	0	0	0	0
setup	0	2023-08-06 23:00:00	ANGA	1	1	0	0	1.2	0	0	0	1.2	424	0	1	0	0	0	0	0
setup	0	2023-08-07 23:00:00	ANGA	1	1	0	0	1.2	0	0	0	1.2	424	0	1	0	0	0	0	0
setup	0	2023-08-08 23:00:00	ANGA	1	1	0	0	1.2	0	0	0	1.2	424	0	1	0	0	0	0	0
setup	0	2023-08-09 23:00:00	ANGA	1	1	0	0	1.2	0	0	0	1.2	424	0	1	0	0	0	0	0
setup	0	2023-08-10 23:00:00	ANGA	1	1	0	0	1.2	0	0	0	1.2	424	0	1	0	0	0	0	0
setup	0	2023-08-11 23:00:00	ANGA	1	1	0	0	1.2	0	0	0	1.2	424	0	1	0	0	0	0	0
setup	0	2023-08-12 23:00:00	ANGA	1	1	0	0	1.2	0	0	0	1.2	424	0	1	0	0	0	0	0
setup	0	2023-08-13 23:00:00	ANGA	1	1	0	0	1.2	0	0	0	1.2	424	0	1	0	0	0	0	0
setup	0	2023-08-14 23:00:00	ANGA	1	1	0	0	1.2	0	0	0	1.2	424	0	1	0	0	0	0	0
setup	0	2023-08-15 23:00:00	ANGA	1	1	0	0	1.2	0	0	0	1.2	424	0	1	0	0	0	0	0
setup	0	2023-08-16 23:00:00	ANGA	1	1	0	0	1.2	0	0	0	1.2	424	0	1	0	0	0	0	0
setup	0	2023-08-17 23:00:00	ANGA	1	1	0	0	1.2	0	0	0	1.2	424	0	1	0	0	0	0	0
setup	0	2023-08-18 23:00:00	ANGA	1	1	0	0	1.2	0	0	0	1.2	424	0	1	0	0	0	0	0
setup	0	2023-08-19 23:00:00	ANGA	1	1	0	0	1.2	0	0	0	1.2	424	0	1	0	0	0	0	0
setup	0	2023-08-20 23:00:00	ANGA	1	1	0	0	1.2	0	0	0	1.2	424	0	1	0	0	0	0	0
setup	0	2023-08-21 23:00:00	ANGA	1	1	0	0	1.2	0	0	0	1.2	424	0	1	0	0	0	0	0
setup	0	2023-08-22 23:00:00	ANGA	1	1	0	0	1.2	0	0	0	1.2	424	0	1	0	0	0	0	0
setup	0	2023-08-23 23:00:00	ANGA	1	1	0	0	1.2	0	0	0	1.2	424	0	1	0	0	0	0	0
setup	0	2023-08-24 23:00:00	ANGA	1	1	0	0	1.2	0	0	0	1.2	424	0	1	0	0	0	0	0
setup	0	2023-08-25 23:00:00	ANGA	1	1	0	0	1.2	0	0	0	1.2	424	0	1	0	0	0	0	0
setup	0	2023-08-26 23:00:00	ANGA	1	1	0	0	1.2	0	0	0	1.2	424	0	1	0	0	0	0	0
setup	0	2023-08-27 23:00:00	ANGA	1	1	0	0	1.2	0	0	0	1.2	424	0	1	0	0	0	0	0
setup	0	2023-08-28 23:00:00	ANGA	1	1	0	0	1.2	0	0	0	1.2	424	0	1	0	0	0	0	0
setup	0	2023-08-29 23:00:00	ANGA	1	1	0	0	1.2	0	0	0	1.2	424	0	1	0	0	0	0	0
setup	0	2023-08-30 23:00:00	ANGA	1	1	0	0	1.2	0	0	0	1.2	424	0	1	0	0	0	0	0
setup	0	2023-08-31 23:00:00	ANGA	1	1	0	0	1.2	0	0	0	1.2	424	0	1	0	0	0	0	0
setup	0	2023-09-01 23:00:00	ANGA	1	1	0	0	1.2	0	0	0	1.2	424	0	1	0	0	0	0	0
setup	0	2023-09-02 23:00:00	ANGA	1	1	0	0	1.2	0	0	0	1.2	424	0	1	0	0	0	0	0
setup	0	2023-09-03 23:00:00	ANGA	1	1	0	0	1.2	0	0	0	1.2	424	0	1	0	0	0	0	0
setup	0	2023-09-04 23:00:00	ANGA	1	1	0	0	1.2	0	0	0	1.2	424	0	1	0	0	0	0	0
setup	0	2023-09-05 23:00:00	ANGA	1	1	0	0	1.2	0	0	0	1.2	424	0	1	0	0	0	0	0
setup	0	2023-09-06 23:00:00	ANGA	1	1	0	0	1.2	0	0	0	1.2	424	0	1	0	0	0	0	0
setup	0	2023-09-07 23:00:00	ANGA	1	1	0	0	1.2	0	0	0	1.2	424	0	1	0	0	0	0	0
setup	0	2023-09-08 23:00:00	ANGA	1	1	0	0	1.2	0	0	0	1.2	424	0	1	0	0	0	0	0
setup	0	2023-09-09 23:00:00	ANGA	1	1	0	0	1.2	0	0	0	1.2	424	0	1	0	0	0	0	0
setup	0	2023-09-10 23:00:00	ANGA	1	1	0	0	1.2	0	0	0	1.2	424	0	1	0	0	0	0	0
setup	0	2023-09-11 23:00:00	ANGA	1	1	0	0	1.2	0	0	0	1.2	424	0	1	0	0	0	0	0
setup	0	2023-09-12 23:00:00	ANGA	1	1	0	0	1.2	0	0	0	1.2	424	0	1	0	0	0	0	0
setup	0	2023-09-13 23:00:00	ANGA	1	1	0	0	1.2	0	0	0	1.2	424	0	1	0	0	0	0	0
setup	0	2023-09-14 23:00:00	ANGA	1	1	0	0	1.2	0	0	0	1.2	424	0	1	0	0	0	0	0
setup	0	2023-09-15 23:00:00	ANGA	1	1	0	0	1.2	0	0	0	1.2	424	0	1	0	0	0	0	0
setup	0	2023-09-16 23:00:00	ANGA	1	1	0	0	1.2	0	0	0	1.2	424	0	1	0	0	0	0	0
setup	0	2023-09-17 23:00:00	ANGA	1	1	0	0	1.2	0	0	0	1.2	424	0	1	0	0	0	0	0
setup	0	2023-09-18 23:00:00	ANGA	1	1	0	0	1.2	0	0	0	1.2	424	0	1	0	0	0	0	0
setup	0	2023-09-19 23:00:00	ANGA	1	1	0	0	1.2	0	0	0	1.2	424	0	1	0	0	0	0	0
setup	0	2023-09-20 23:00:00	ANGA	1	1	0	0	1.2	0	0	0	1.2	424	0	1	0	0	0	0	0
setup	0	2023-09-21 23:00:00	ANGA	1	1	0	0	1.2	0	0	0	1.2	424	0	1	0	0	0	0	0
setup	0	2023-09-22 23:00:00	ANGA	1	1	0	0	1.2	0	0	0	1.2	424	0	1	0	0	0	0	0
setup	0	2023-09-23 23:00:00	ANGA	1	1	0	0	1.2	0	0	0	1.2	424	0	1	0	0	0	0	0
setup	0	2023-09-24 23:00:00	ANGA	1	1	0	0	1.2	0	0	0	1.2	424	0	1	0	0	0	0	0
setup	0	2023-09-25 23:00:00	ANGA	1	1	0	0	1.2	0	0	0	1.2	424	0	1	0	0	0	0	0
setup	0	2023-09-26 23:00:00	ANGA	1	1	0	0	1.2	0	0	0	1.2	424	0	1	0	0	0	0	0
setup	0	2023-09-27 23:00:00	ANGA	1	1	0	0	1.2	0	0	0	1.2	424	0	1	0	0	0	0	0
setup	0	2023-09-28 23:00:00	ANGA	1	1	0	0	1.2	0	0	0	1.2	424	0	1	0	0	0	0	0
setup	0	2023-09-29 23:00:00	ANGA	1	1	0	0	1.2	0	0	0	1.2	424	0	1	0	0	0	0	0
setup	0	2023-09-30 23:00:00	ANGA	1	1	0	0	1.2	0	0	0	1.2	424	0	1	0	0	0	0	0
setup	0	2023-10-01 23:00:00	ANGA	1	1	0	0	1.2	0	0	0	1.2	424	0	1	0	0	0	0	0
setup	0	2023-10-02 23:00:00	ANGA	1	1	0	0	1.2	0	0	0	1.2	424	0	1	0	0	0	0	0
setup	0	2023-10-03 23:00:00	ANGA	1	1	0	0	1.2	0	0	0	1.2	424	0	1	0	0	0	0	0
setup	0	2023-10-04 23:00:00	ANGA	1	1	0	0	1.2	0	0	0	1.2	424	0	1	0	0	0	0	0
setup	0	2023-10-05 23:00:00	ANGA	1	1	0	0	1.2	0	0	0	1.2	424	0	1	0	0	0	0	0
setup	0	2023-10-06 23:00:00	ANGA	1	1	0	0	1.2	0	0	0	1.2	424	0	1	0	0	0	0	0
setup	0	2023-10-07 23:00:00	ANGA	1	1	0	0	1.2	0	0	0	1.2	424	0	1	0	0	0	0	0
setup	0	2023-10-08 23:00:00	ANGA	1	1	0	0	1.2	0	0	0	1.2	424	0	1	0	0	0	0	0
setup	0	2023-10-09 23:00:00	ANGA	1	1	0	0	1.2	0	0	0	1.2	424	0	1	0	0	0	0	0
setup	0	2023-10-10 23:00:00	ANGA	1	1	0	0	1.2	0	0	0	1.2	424	0	1	0	0	0	0	0
setup	0	2023-10-11 23:00:00	ANGA	1	1	0	0	1.2	0	0	0	1.2	424	0	1	0	0	0	0	0
setup	0	2023-10-12 23:00:00	ANGA	1	1	0	0	1.2	0	0	0	1.2	424	0	1	0	0	0	0	0
setup	0	2023-10-13 23:00:00	ANGA	1	1	0	0	1.2	0	0	0	1.2	424	0	1	0	0	0	0	0
setup	0	2023-10-14 23:00:00	ANGA	1	1	0	0	1.2	0	0	0	1.2	424	0	1	0	0	0	0	0
setup	0	2023-10-15 23:00:00	ANGA	1	1	0	0	1.2	0	0	0	1.2	424	0	1	0	0	0	0	0
setup	0	2023-10-16 23:00:00	ANGA	1	1	0	0	1.2	0	0	0	1.2	424	0	1	0	0	0	0	0
setup	0	2023-10-17 23:00:00	ANGA	1	1	0	0	1.2	0	0	0	1.2	424	0	1	0	0	0	0	0
setup	0	2023-10-18 23:00:00	ANGA	1	1	0	0	1.2	0	0	0	1.2	424	0	1	0	0	0	0	0
setup	0	2023-10-19 23:00:00	ANGA	1	1	0	0	1.2	0	0	0	1.2	424	0	1	0	0	0	0	0
setup	0	2023-10-20 23:00:00	ANGA	1	1	0	0	1.2	0	0	0	1.2	424	0	1	0	0	0	0	0
setup	0	2023-10-21 23:00:00	ANGA	1	1	0	0	1.2	0	0	0	1.2	424	0.00237115	1	0	0	0	0	0
setup	0	2023-10-22 23:00:00	ANGA	1	1	0	0	1.2	0	0	0	1.2	424	0.00299372	1	0	0	0	0	0
setup	0	2023-10-23 23:00:00	ANGA	1	1	0	0	1.2	0	0	0	1.2	424	0.00376233	1	0	0	0	0	0
setup	0	2023-10-24 23:00:00	ANGA	1	1	0	0	1.2	0	0	0	1.2	424	0.0047065	1	0	0	0	0	0
setup	0	2023-10-25 23:00:00	ANGA	1	1	0	0	1.2	0	0	0	1.2	424	0.0058605	1	0	0	0	0	0
setup	0	2023-10-26 23:00:00	ANGA	1	1	0	0	1.2	0	0	0	1.2	424	0.00726384	1	0	0	0	0	0
setup	0	2023-10-27 23:00:00	ANGA	1	1	0	0	1.2	0	0	0	1.2	424	0.00896174	1	0	0	0	0	0
setup	0	2023-10-28 23:00:00	ANGA	1	1	0	0	1.2	0	0	0	1.2	424	0.0110056	1	0	0	0	0	0
setup	0	2023-10-29 23:00:00	ANGA	1	1	0	0	1.2	0	0	0	1.2	424	0.0134533	1	0	0	0	0	0
setup	0	2023-10-30 23:00:00	ANGA	1	1	0	0	1.2	0	0	0	1.2	424	0.0163697	1	0	0	0	0	0
setup	0	2023-10-31 23:00:00	ANGA	1	1	0	0	1.2	0	0	0	1.2	424	0.0198266	1	0	0	0	0	0
setup	0	2023-11-01 23:00:00	ANGA	1	1	0	0	1.2	0	0	0	1.2	424	0.0239028	1	0	0	0	0	0
setup	0	2023-11-02 23:00:00	ANGA	1	1	0	0	1.2	0	0	0	1.2	424	0.0286844	1	0	0	0	0	0
setup	0	2023-11-03 23:00:00	ANGA	1	1	0	0	1.2	0	0	0	1.2	424	0.0342639	1	0	0	0	0	0
setup	0	2023-11-04 23:00:00	ANGA	1	1	0	0	1.2	0	0	0	1.2	424	0.0407403	1	0	0	0	0	0
setup	0	2023-11-05 23:00:00	ANGA	1	1	0	0	1.2	0	0	0	1.2	424	0.0482176	1	0	0	0	0	0
setup	0	2023-11-06 23:00:00	ANGA	1	1	0	0	1.2	0	0	0	1.2	424	0.0568044	1	0	0	0	0	0
setup	0	2023-11-07 23:00:00	ANGA	1	1	0	0	1.2	0	0	0	1.2	424	0.0666122	1	0	0	0	0	0
setup	0	2023-11-08 23:00:00	ANGA	1	1	0	0	1.2	0	0	0	1.2	424	0.0777536	1	0	0	0	0	0
setup	0	2023-11-09 23:00:00	ANGA	1	1	0	0	1.2	0	0	0	1.2	424	0.0903404	1	0	0	0	0	0
setup	0	2023-11-10 23:00:00	ANGA	1	1	0	0	1.2	0	0	0	1.2	424	0.104481	1	0	0	0	0	0
setup	0	2023-11-11 23:00:00	ANGA	1	1	0	0	1.2	0	0	0	1.2	424	0.120279	1	0	0	0	0	0
setup	0	2023-11-12 23:00:00	ANGA	1	1	0	0	1.2	0	0	0	1.2	424	0.137828	1	0	0	0	0	0
setup	0	2023-11-13 23:00:00	ANGA	1	1	0	0	1.2	0	0	0	1.2	424	0.15721	1	0	0	0	0	0
setup	0	2023-11-14 23:00:00	ANGA	1	1	0	0	1.2	0	0	0	1.2	424	0.178491	1	0	0	0	0	0
setup	0	2023-11-15 23:00:00	ANGA	1	1	0	0	1.2	0	0	0	1.2	424	0.201719	1	0	0	0	0	0
setup	0	2023-11-16 23:00:00	ANGA	1	1	0	0	1.2	0	0	0	1.2	424	0.226921	1	0	0	0	0	0
setup	0	2023-11-17 23:00:00	ANGA	1	1	0	0	1.2	0	0	0	1.2	424	0.254095	1	0	0	0	0	0
setup	0	2023-11-18 23:00:00	ANGA	1	1	0	0	1.2	0	0	0	1.2	424	0.283213	1	0	0	0	0	0
setup	0	2023-11-19 23:00:00	ANGA	1	1	0	0	1.2	0	0	0	1.2	424	0.314214	1	0	0	0	0	0
setup	0	2023-11-20 23:00:00	ANGA	1	1	0	0	1.2	0	0	0	1.2	424	0.347002	1	0	0	0	0	0
setup	0	2023-11-21 23:00:00	ANGA	1	1	0	0	1.2	0	0	0	1.2	424	0.381447	1	0	0	0	0	0
setup	0	2023-11-22 23:00:00	ANGA	1	1	0	0	1.2	0	0	0	1.2	424	0.417379	1	0	0	0	0	0
setup	0	2023-11-23 23:00:00	ANGA	1	1	0	0	1.2	0	0	0	1.2	424	0.454593	1	0	0	0	0	0
setup	0	2023-11-24 23:00:00	ANGA	1	1	0	0	1.2	0	0	0	1.2	424	0.492845	1	0	0	0	0	0
setup	0	2023-11-25 23:00:00	ANGA	1	1	0	0	1.2	0	0	0	1.2	424	0.531854	1	0	0	0	0	0
setup	0	2023-11-26 23:00:00	ANGA	1	1	0	0	1.2	0	0	0	1.2	424	0.571307	1	0	0	0	0	0
setup	0	2023-11-27 23:00:00	ANGA	1	1	0	0	1.2	0	0	0	1.2	424	0.61086	1	0	0	0	0	0
setup	0	2023-11-28 23:00:00	ANGA	1	1	0	0	1.2	0	0	0	1.2	424	0.650143	1	0	0	0	0	0
setup	0	2023-11-29 23:00:00	ANGA	1	1	0	0	1.2	0	0	0	1.2	424	0.672697	1	0	0	0	0	0
setup	0	2023-11-30 23:00:00	ANGA	1	1	0	0	1.2	0	0	0	1.2	424	0.696343	1	0	0	0	0	0
setup	0	2023-12-01 23:00:00	ANGA	1	1	0	0	1.2	0	0	0	1.2	424	0.723281	1	0	0	0	0	0
setup	0	2023-12-02 23:00:00	ANGA	1	1	0	0	1.2	0	0	0	1.2	424	0.75346	1	0	0	0	0	0
setup	0	2023-12-03 23:00:00	ANGA	1	1	0	0	1.2	0	0	0	1.2	424	0.78534	1	0	0	0	0	0
setup	0	2023-12-04 23:00:00	ANGA	1	1	0	0	1.2	0	0	0	1.2	424	0.814528	1	0	0	0	0	0
setup	0	2023-12-05 23:00:00	ANGA	1	1	0	0	1.2	0	0	0	1.2	424	0.840654	1	0	0	0	0	0
setup	0	2023-12-06 23:00:00	ANGA	1	1	0	0	1.2	0	0	0	1.2	424	0.863381	1	0	0	0	0	0
setup	0	2023-12-07 23:00:00	ANGA	1	1	0	0	1.2	0	0	0	1.2	424	0.882411	1	0	0	0	0	0
setup	0	2023-12-08 23:00:00	ANGA	1	1	0	0	1.2	0	0	0	1.2	424	0.897487	1	0	0	0	0	0
setup	0	2023-12-09 23:00:00	ANGA	1	1	0	0	1.2	0	0	0	1.2	424	0.908406	1	0	0	0	0	0
setup	0	2023-12-10 23:00:00	ANGA	1	1	0	0	1.2	0	0	0	1.2	424	0.915018	1	0	0	0	0	0
setup	0	2023-12-11 23:00:00	ANGA	1	1	0	0	1.2	0	0	0	1.2	424	0.917232	1	0	0	0	0	0
setup	0	2023-12-12 23:00:00	ANGA	1	1	0	0	1.2	0	0	0	1.2	424	0.917232	1	0	0	0	0	0
setup	0	2023-12-13 23:00:00	ANGA	1	1	0	0	1.2	0	0	0	1.2	424	0.917232	1	0	0	0	0	0
setup	0	2023-12-14 23:00:00	ANGA	1	1	0	0	1.2	0	0	0	1.2	424	0.917232	1	0	0	0	0	0
setup	0	2023-12-15 23:00:00	ANGA	1	1	0	0	1.2	0	0	0	1.2	424	0.917232	1	0	0	0	0	0
setup	0	2023-12-16 23:00:00	ANGA	1	1	0	0	1.2	0	0	0	1.2	424	0.917232	1	0	0	0	0	0
setup	0	2023-12-17 23:00:00	ANGA	1	1	0	0	1.2	0	0	0	1.2	424	0.917232	1	0	0	0	0	0
setup	0	2023-12-18 23:00:00	ANGA	1	1	0	0	1.2	0	0	0	1.2	424	0.917232	1	0	0	0	0	0
setup	0	2023-12-19 23:00:00	ANGA	1	1	0	0	1.2	0	0	0	1.2	424	0.917232	1	0	0	0	0	0
setup	0	2023-12-20 23:00:00	ANGA	1	1	0	0	1.2	0	0	0	1.2	424	0.917232	1	0	0	0	0	0
setup	0	2023-12-21 23:00:00	ANGA	1	1	0	0	1.2	0	0	0	1.2	424	0.917232	1	0	0	0	0	0
setup	0	2023-12-22 23:00:00	ANGA	1	1	0	0	1.2	0	0	0	1.2	424	0.917232	1	0	0	0	0	0
setup	0	2023-12-23 23:00:00	ANGA	1	1	0	0	1.2	0	0	0	1.2	424	0.917232	1	0	0	0	0	0
setup	0	2023-12-24 23:00:00	ANGA	1	1	0	0	1.2	0	0	0	1.2	424	0.917232	1	0	0	0	0	0
setup	0	2023-12-25 23:00:00	ANGA	1	1	0	0	1.2	0	0	0	1.2	424	0.917232	1	0	0	0	0	0
setup	0	2023-12-26 23:00:00	ANGA	1	1	0	0	1.2	0	0	0	1.2	424	0.917232	1	0	0	0	0	0
setup	0	2023-12-27 23:00:00	ANGA	1	1	0	0	1.2	0	0	0	1.2	424	0.917232	1	0	0	0	0	0
setup	0	2023-12-28 23:00:00	ANGA	1	1	0	0	1.2	0	0	0	1.2	424	0.917232	1	0	0	0	0	0
setup	0	2023-12-29 23:00:00	ANGA	1	1	0	0	1.2	0	0	0	1.2	424	0.917232	1	0	0	0	0	0
setup	0	2023-12-30 23:00:00	ANGA	1	1	0	0	1.2	0	0	0	1.2	424	0.917232	1	0	0	0	0	0
setup	0	2023-12-31 23:00:00	ANGA	1	1	0	0	1.2	0	0	0	1.2	424	0.917232	1	0	0	0	0	0
setup	0	2024-01-01 23:00:00	ANGA	1	1	0	0	1.2	0	0	0	1.2	424	0.917232	1	0	0	0	0	0
setup	0	2024-01-02 23:00:00	ANGA	1	1	0	0	1.2	0	0	0	1.2	424	0.917232	1	0	0	0	0	0
setup	0	2024-01-03 23:00:00	ANGA	1	1	0	0	1.2	0	0	0	1.2	424	0.917232	1	0	0	0	0	0
setup	0	2024-01-04 23:00:00	ANGA	1	1	0	0	1.2	0	0	0	1.2	424	0.917232	1	0	0	0	0	0
setup	0	2024-01-05 23:00:00	ANGA	1	1	0	0	1.2	0	0	0	1.2	424	0.917232	1	0	0	0	0	0
setup	0	2024-01-06 23:00:00	ANGA	1	1	0	0	1.2	0	0	0	1.2	424	0.917232	1	0	0	0	0	0
setup	0	2024-01-07 23:00:00	ANGA	1	1	0	0	1.2	0	0	0	1.2	424	0.917232	1	0	0	0	0	0
setup	0	2024-01-08 23:00:00	ANGA	1	1	0	0	1.2	0	0	0	1.2	424	0.917232	1	0	0	0	0	0
setup	0	2024-01-09 23:00:00	ANGA	1	1	0	0	1.2	0	0	0	1.2	424	0.917232	1	0	0	0	0	0
setup	0	2024-01-10 23:00:00	ANGA	1	1	0	0	1.2	0	0	0	1.2	424	0.917232	1	0	0	0	0	0
setup	0	2024-01-11 23:00:00	ANGA	1	1	0	0	1.2	0	0	0	1.2	424	0.917232	1	0	0	0	0	0
setup	0	2024-01-12 23:00:00	ANGA	1	1	0	0	1.2	0	0	0	1.2	424	0.917232	1	0	0	0	0	0
setup	0	2024-01-13 23:00:00	ANGA	1	1	0	0	1.2	0	0	0	1.2	424	0.916722	1	0	0	0	0	0
setup	0	2024-01-14 23:00:00	ANGA	1	1	0	0	1.2	0	0	0	1.2	424	0.916131	1	0	0	0	0	0
setup	0	2024-01-15 23:00:00	ANGA	1	1	0	0	1.2	0	0	0	1.2	424	0.915446	1	0	0	0	0	0
setup	0	2024-01-16 23:00:00	ANGA	1	1	0	0	1.2	0	0	0	1.2	424	0.914657	1	0	0	0	0	0
setup	0	2024-01-17 23:00:00	ANGA	1	1	0	0	1.2	0	0	0	1.2	424	0.913749	1	0	0	0	0	0
setup	0	2024-01-18 23:00:00	ANGA	1	1	0	0	1.2	0	0	0	1.2	424	0.912707	1	0	0	0	0	0
setup	0	2024-01-19 23:00:00	ANGA	1	1	0	0	1.2	0	0	0	1.2	424	0.911514	1	0	0	0	0	0
setup	0	2024-01-20 23:00:00	ANGA	1	1	0	0	1.2	0	0	0	1.2	424	0.910153	1	0	0	0	0	0
setup	0	2024-01-21 23:00:00	ANGA	1	1	0	0	1.2	0	0	0	1.2	424	0.908602	1	0	0	0	0	0
setup	0	2024-01-22 23:00:00	ANGA	1	1	0	0	1.2	0	0	0	1.2	424	0.906841	1	0	0	0	0	0
setup	0	2024-01-23 23:00:00	ANGA	1	1	0	0	1.2	0	0	0	1.2	424	0.904846	1	0	0	0	0	0
setup	0	2024-01-24 23:00:00	ANGA	1	1	0	0	1.2	0	0	0	1.2	424	0.902592	1	0	0	0	0	0
setup	0	2024-01-25 23:00:00	ANGA	1	1	0	0	1.2	0	0	0	1.2	424	0.900053	1	0	0	0	0	0
setup	0	2024-01-26 23:00:00	ANGA	1	1	0	0	1.2	0	0	0	1.2	424	0.897199	1	0	0	0	0	0
setup	0	2024-01-27 23:00:00	ANGA	1	1	0	0	1.2	0	0	0	1.2	424	0.894001	1	0	0	0	0	0
setup	0	2024-01-28 23:00:00	ANGA	1	1	0	0	1.2	0	0	0	1.2	424	0.890426	1	0	0	0	0	0
setup	0	2024-01-29 23:00:00	ANGA	1	1	0	0	1.2	0	0	0	1.2	424	0.886441	1	0	0	0	0	0
setup	0	2024-01-30 23:00:00	ANGA	1	1	0	0	1.2	0	0	0	1.2	424	0.88201	1	0	0	0	0	0
setup	0	2024-01-31 23:00:00	ANGA	1	1	0	0	1.2	0	0	0	1.2	424	0.877098	1	0	0	0	0	0
setup	0	2024-02-01 23:00:00	ANGA	1	1	0	0	1.2	0	0	0	1.2	424	0.871666	1	0	0	0	0	0
setup	0	2024-02-02 23:00:00	ANGA	1	1	0	0	1.2	0	0	0	1.2	424	0.865677	1	0	0	0	0	0
setup	0	2024-02-03 23:00:00	ANGA	1	1	0	0	1.2	0	0	0	1.2	424	0.85909	1	0	0	0	0	0
setup	0	2024-02-04 23:00:00	ANGA	1	1	0	0	1.2	0	0	0	1.2	424	0.851868	1	0	0	0	0	0
setup	0	2024-02-05 23:00:00	ANGA	1	1	0	0	1.2	0	0	0	1.2	424	0.84397	1	0	0	0	0	0
setup	0	2024-02-06 23:00:00	ANGA	1	1	0	0	1.2	0	0	0	1.2	424	0.835358	1	0	0	0	0	0
setup	0	2024-02-07 23:00:00	ANGA	1	1	0	0	1.2	0	0	0	1.2	424	0.825993	1	0	0	0	0	0
setup	0	2024-02-08 23:00:00	ANGA	1	1	0	0	1.2	0	0	0	1.2	424	0.81584	1	0	0	0	0	0
setup	0	2024-02-09 23:00:00	ANGA	1	1	0	0	1.2	0	0	0	1.2	424	0.804862	1	0	0	0	0	0
setup	0	2024-02-10 23:00:00	ANGA	1	1	0	0	1.2	0	0	0	1.2	424	0.793029	1	0	0	0	0	0
setup	0	2024-02-11 23:00:00	ANGA	1	1	0	0	1.2	0	0	0	1.2	424	0.78031	1	0	0	0	0	0
setup	0	2024-02-12 23:00:00	ANGA	1	1	0	0	1.2	0	0	0	1.2	424	0.76668	1	0	0	0	0	0
setup	0	2024-02-13 23:00:00	ANGA	1	1	0	0	1.2	0	0	0	1.2	424	0.752116	1	0	0	0	0	0
setup	0	2024-02-14 23:00:00	ANGA	1	1	0	0	1.2	0	0	0	1.2	424	0.736604	1	0	0	0	0	0
setup	0	2024-02-15 23:00:00	ANGA	1	1	0	0	1.2	0	0	0	1.2	424	0.72013	1	0	0	0	0	0
setup	0	2024-02-16 23:00:00	ANGA	1	1	0	0	1.2	0	0	0	1.2	424	0.70269	1	0	0	0	0	0
setup	0	2024-02-17 23:00:00	ANGA	1	1	0	0	1.2	0	0	0	1.2	424	0.684285	1	0	0	0	0	0
setup	0	2024-02-18 23:00:00	ANGA	1	1	0	0	1.2	0	0	0	1.2	424	0.664924	1	0	0	0	0	0
setup	0	2024-02-19 23:00:00	ANGA	1	1	0	0	1.2	0	0	0	1.2	424	0.644623	1	0	0	0	0	0
setup	0	2024-02-20 23:00:00	ANGA	1	1	0	0	1.2	0	0	0	1.2	424	0.623406	1	0	0	0	0	0
setup	0	2024-02-21 23:00:00	ANGA	1	1	0	0	1.2	0	0	0	1.2	424	0.601307	1	0	0	0	0	0
setup	0	2024-02-22 23:00:00	ANGA	1	1	0	0	1.2	0	0	0	1.2	424	0.578368	1	0	0	0	0	0
setup	0	2024-02-23 23:00:00	ANGA	1	1	0	0	1.2	0	0	0	1.2	424	0.55464	1	0	0	0	0	0
setup	0	2024-02-24 23:00:00	ANGA	1	1	0	0	1.2	0	0	0	1.2	424	0.530184	1	0	0	0	0	0
setup	0	2024-02-25 23:00:00	ANGA	1	1	0	0	1.2	0	0	0	1.2	424	0.505071	1	0	0	0	0	0
setup	0	2024-02-26 23:00:00	ANGA	1	1	0	0	1.2	0	0	0	1.2	424	0.479379	1	0	0	0	0	0
setup	0	2024-02-27 23:00:00	ANGA	1	1	0	0	1.2	0	0	0	1.2	424	0.453197	1	0	0	0	0	0
setup	0	2024-02-28 23:00:00	ANGA	1	1	0	0	1.2	0	0	0	1.2	424	0.426625	1	0	0	0	0	0
setup	0	2024-02-29 23:00:00	ANGA	1	1	0	0	1.2	0	0	0	1.2	424	0.399766	1	0	0	0	0	0
setup	0	2024-03-01 23:00:00	ANGA	1	1	0	0	1.2	0	0	0	1.2	424	0.372737	1	0	0	0	0	0
setup	0	2024-03-02 23:00:00	ANGA	1	1	0	0	1.2	0	0	0	1.2	424	0.345659	1	0	0	0	0	0
setup	0	2024-03-03 23:00:00	ANGA	1	1	0	0	1.2	0	0	0	1.2	424	0.318659	1	0	0	0	0	0
setup	0	2024-03-04 23:00:00	ANGA	1	1	0	0	1.2	0	0	0	1.2	424	0.291871	1	0	0	0	0	0
setup	0	2024-03-05 23:00:00	ANGA	1	1	0	0	1.2	0	0	0	1.2	424	0.265435	1	0	0	0	0	0
setup	0	2024-03-06 23:00:00	ANGA	1	1	0	0	1.2	0	0	0	1.2	424	0.239491	1	0	0	0	0	0
setup	0	2024-03-07 23:00:00	ANGA	1	1	0	0	1.2	0	0	0	1.2	424	0.214183	1	0	0	0	0	0
setup	0	2024-03-08 23:00:00	ANGA	1	1	0	0	1.2	0	0	0	1.2	424	0.189657	1	0	0	0	0	0
setup	0	2024-03-09 23:00:00	ANGA	1	1	0	0	1.2	0	0	0	1.2	424	0.166057	1	0	0	0	0	0
setup	0	2024-03-10 23:00:00	ANGA	1	1	0	0	1.2	0	0	0	1.2	424	0.143526	1	0	0	0	0	0
setup	0	2024-03-11 23:00:00	ANGA	1	1	0	0	1.2	0	0	0	1.2	424	0.122203	1	0	0	0	0	0
setup	0	2024-03-12 23:00:00	ANGA	1	1	0	0	1.2	0	0	0	1.2	424	0.102224	1	0	0	0	0	0
setup	0	2024-03-13 23:00:00	ANGA	1	1	0	0	1.2	0	0	0	1.2	424	0.0837161	1	0	0	0	0	0
setup	0	2024-03-14 23:00:00	ANGA	1	1	0	0	1.2	0	0	0	1.2	424	0.066802	1	0	0	0	0	0
setup	0	2024-03-15 23:00:00	ANGA	1	1	0	0	1.2	0	0	0	1.2	424	0.051594	1	0	0	0	0	0
setup	0	2024-03-16 23:00:00	ANGA	1	1	0	0	1.2	0	0	0	1.2	424	0.0381946	1	0	0	0	0	0
setup	0	2024-03-17 23:00:00	ANGA	1	1	0	0	1.2	0	0	0	1.2	424	0.0266954	1	0	0	0	0	0
setup	0	2024-03-18 23:00:00	ANGA	1	1	0	0	1.2	0	0	0	1.2	424	0.0171755	1	0	0	0	0	0
setup	0	2024-03-19 23:00:00	ANGA	1	1	0	0	1.2	0	0	0	1.2	424	0.009701	1	0	0	0	0	0
setup	0	2024-03-20 23:00:00	ANGA	1	1	0	0	1.2	0	0	0	1.2	424	0.00432425	1	0	0	0	0	0
setup	0	2024-03-21 23:00:00	ANGA	1	1	0	0	1.2	0	0	0	1.2	424	0.00108297	1	0	0	0	0	0
setup	0	2024-03-22 23:00:00	ANGA	1	1	0	0	1.2	0	0	0	1.2	424	0	1	0	0	0	0	0
setup	0	2024-03-23 23:00:00	ANGA	1	1	0	0	1.2	0	0	0	1.2	424	0	1	0	0	0	0	0
setup	0	2024-03-24 23:00:00	ANGA	1	1	0	0	1.2	0	0	0	1.2	424	0	1	0	0	0	0	0
setup	0	2024-03-25 23:00:00	ANGA	1	1	0	0	1.2	0	0	0	1.2	424	0	1	0	0	0	0	0
setup	0	2024-03-26 23:00:00	ANGA	1	1	0	0	1.2	0	0	0	1.2	424	0	1	0	0	0	0	0
setup	0	2024-03-27 23:00:00	ANGA	1	1	0	0	1.2	0	0	0	1.2	424	0	1	0	0	0	0	0
setup	0	2024-03-28 23:00:00	ANGA	1	1	0	0	1.2	0	0	0	1.2	424	0	1	0	0	0	0	0
setup	0	2024-03-29 23:00:00	ANGA	1	1	0	0	1.2	0	0	0	1.2	424	0	1	0	0	0	0	0
setup	0	2024-03-30 23:00:00	ANGA	1	1	0	0	1.2	0	0	0	1.2	424	0	1	0	0	0	0	0
setup	0	2024-03-31 23:00:00	ANGA	1	1	0	0	1.2	0	0	0	1.2	424	0	1	0	0	0	0	0
setup	0	2024-04-01 23:00:00	ANGA	1	1	0	0	1.2	0	0	0	1.2	424	0	1	0	0	0	0	0
setup	0	2024-04-02 23:00:00	ANGA	1	1	0	0	1.2	0	0	0	1.2	424	0	1	0	0	0	0	0
setup	0	2024-04-03 23:00:00	ANGA	1	1	0	0	1.2	0	0	0	1.2	424	0	1	0	0	0	0	0
setup	0	2024-04-04 23:00:00	ANGA	1	1	0	0	1.2	0	0	0	1.2	424	0	1	0	0	0	0	0
setup	0	2024-04-05 23:00:00	ANGA	1	1	0	0	1.2	0	0	0	1.2	424	0	1	0	0	0	0	0
setup	0	2024-04-06 23:00:00	ANGA	1	1	0	0	1.2	0	0	0	1.2	424	0	1	0	0	0	0	0
setup	0	2024-04-07 23:00:00	ANGA	1	1	0	0	1.2	0	0	0	1.2	424	0	1	0	0	0	0	0
setup	0	2024-04-08 23:00:00	ANGA	1	1	0	0	1.2	0	0	0	1.2	424	0	1	0	0	0	0	0
setup	0	2024-04-09 23:00:00	ANGA	1	1	0	0	1.2	0	0	0	1.2	424	0	1	0	0	0	0	0
setup	0	2024-04-10 23:00:00	ANGA	1	1	0	0	1.2	0	0	0	1.2	424	0	1	0	0	0	0	0
setup	0	2024-04-11 23:00:00	ANGA	1	1	0	0	1.2	0	0	0	1.2	424	0	1	0	0	0	0	0
setup	0	2024-04-12 23:00:00	ANGA	1	1	0	0	1.2	0	0	0	1.2	424	0	1	0	0	0	0	0
setup	0	2024-04-13 23:00:00	ANGA	1	1	0	0	1.2	0	0	0	1.2	424	0	1	0	0	0	0	0
setup	0	2024-04-14 23:00:00	ANGA	1	1	0	0	1.2	0	0	0	1.2	424	0	1	0	0	0	0	0
setup	0	2024-04-15 23:00:00	ANGA	1	1	0	0	1.2	0	0	0	1.2	424	0	1	0	0	0	0	0
setup	0	2024-04-16 23:00:00	ANGA	1	1	0	0	1.2	0	0	0	1.2	424	0	1	0	0	0	0	0
setup	0	2024-04-17 23:00:00	ANGA	1	1	0	0	1.2	0	0	0	1.2	424	0	1	0	0	0	0	0
setup	0	2024-04-18 23:00:00	ANGA	1	1	0	0	1.2	0	0	0	1.2	424	0	1	0	0	0	0	0
setup	0	2024-04-19 23:00:00	ANGA	1	1	0	0	1.2	0	0	0	1.2	424	0	1	0	0	0	0	0
setup	0	2024-04-20 23:00:00	ANGA	1	1	0	0	1.2	0	0	0	1.2	424	0	1	0	0	0	0	0
setup	0	2024-04-21 23:00:00	ANGA	1	1	0	0	1.2	0	0	0	1.2	424	0	1	0	0	0	0	0
setup	0	2024-04-22 23:00:00	ANGA	1	1	0	0	1.2	0	0	0	1.2	424	0	1	0	0	0	0	0
setup	0	2024-04-23 23:00:00	ANGA	1	1	0	0	1.2	0	0	0	1.2	424	0	1	0	0	0	0	0
setup	0	2024-04-24 23:00:00	ANGA	1	1	0	0	1.2	0	0	0	1.2	424	0	1	0	0	0	0	0
setup	0	2024-04-25 23:00:00	ANGA	1	1	0	0	1.2	0	0	0	1.2	424	0	1	0	0	0	0	0
setup	0	2024-04-26 23:00:00	ANGA	1	1	0	0	1.2	0	0	0	1.2	424	0	1	0	0	0	0	0
setup	0	2024-04-27 23:00:00	ANGA	1	1	0	0	1.2	0	0	0	1.2	424	0	1	0	0	0	0	0
setup	0	2024-04-28 23:00:00	ANGA	1	1	0	0	1.2	0	0	0	1.2	424	0	1	0	0	0	0	0
setup	0	2024-04-29 23:00:00	ANGA	1	1	0	0	1.2	0	0	0	1.2	424	0	1	0	0	0	0	0
setup	0	2024-04-30 23:00:00	ANGA	1	1	0	0	1.2	0	0	0	1.2	424	0	1	0	0	0	0	0
setup	0	2024-05-01 23:00:00	ANGA	1	1	0	0	1.2	0	0	0	1.2	424	0	1	0	0	0	0	0
setup	0	2024-05-02 23:00:00	ANGA	1	1	0	0	1.2	0	0	0	1.2	424	0	1	0	0	0	0	0
setup	0	2024-05-03 23:00:00	ANGA	1	1	0	0	1.2	0	0	0	1.2	424	0	1	0	0	0	0	0
setup	0	2024-05-04 23:00:00	ANGA	1	1	0	0	1.2	0	0	0	1.2	424	0	1	0	0	0	0	0
setup	0	2024-05-05 23:00:00	ANGA	1	1	0	0	1.2	0	0	0	1.2	424	0	1	0	0	0	0	0
setup	0	2024-05-06 23:00:00	ANGA	1	1	0	0	1.2	0	0	0	1.2	424	0	1	0	0	0	0	0
setup	0	2024-05-07 23:00:00	ANGA	1	1	0	0	1.2	0	0	0	1.2	424	0	1	0	0	0	0	0
setup	0	2024-05-08 23:00:00	ANGA	1	1	0	0	1.2	0	0	0	1.2	424	0	1	0	0	0	0	0
setup	0	2024-05-09 23:00:00	ANGA	1	1	0	0	1.2	0	0	0	1.2	424	0	1	0	0	0	0	0
setup	0	2024-05-10 23:00:00	ANGA	1	1	0	0	1.2	0	0	0	1.2	424	0	1	0	0	0	0	0
setup	0	2024-05-11 23:00:00	ANGA	1	1	0	0	1.2	0	0	0	1.2	424	0	1	0	0	0	0	0
