source	id	datetime	daylength[h]	solar_radiation[Wm-2]	sw_radiation_above_canopy_in[Wm-2]	sw_radiation_above_canopy_out[Wm-2]	lw_radiation_above_canopy_in[Wm-2]	lw_radiation_above_canopy_out[Wm-2]	latent_heat_out_top[Wm-2]	latent_heat_out_bottom[Wm-2]	sensible_heat_out_top[Wm-2]	sensible_heat_out_bottom[Wm-2]	energy[Jm-2]	temp_above_canopy_avg[oC]	temp_above_canopy_min[oC]	temp_above_canopy_max[oC]	temp_canopy_top[oC]	temp_canopy_middle[oC]	temp_canopy_bottom[oC]	temp_surfacewater[oC]	temp_soil_surface[oC]	temp_5cm[oC]	temp_10cm[oC]	temp_15cm[oC]	temp_20cm[oC]	temp_30cm[oC]	temp_50cm[oC]	temp_100cm[oC]	vpd[mbar]
setup	0	2023-04-20 23:00:00	11.9584	418.279	179.243	10.5078	317.995	0	7.34618	0	0	0	0	11.1719	6.70315	15.6407	22.4458	20.639	18.8659	-99.99	18.8408	10.3391	9.85064	9.25172	8.94397	8.44969	8.11033	-99.99	0.721357
setup	0	2023-04-21 23:00:00	11.957	417.411	180.444	10.5695	318.855	0	5.38813	0	0	0	0	11.3347	6.80081	15.8686	11.3348	11.3129	11.2642	-99.99	11.2627	10.9078	10.6349	10.252	10.0191	9.53355	9.02529	-99.99	0.375284
setup	0	2023-04-22 23:00:00	11.9556	416.536	181.63	10.63	319.712	0	54.5115	0	0	0	0	11.4965	6.89788	16.0951	11.4966	11.4805	11.4446	-99.99	11.4434	11.1875	10.9855	10.702	10.5286	10.1586	9.72827	-99.99	0.384876
setup	0	2023-04-23 23:00:00	11.9542	415.655	182.802	10.6898	320.566	0	55.2962	0	0	0	0	11.6572	6.99434	16.3201	11.6573	11.6446	11.6161	-99.99	11.6152	11.4101	11.2503	11.0242	10.8841	10.5776	10.187	-99.99	0.394136
setup	0	2023-04-24 23:00:00	11.9529	414.768	183.957	10.7492	321.416	0	56.0759	0	0	0	0	11.8169	7.09014	16.5436	11.817	11.806	11.7813	-99.99	11.7806	11.6026	11.4642	11.2678	11.1453	10.8728	10.5019	-99.99	0.403267
setup	0	2023-04-25 23:00:00	11.9515	413.876	185.098	10.808	322.262	0	56.8502	0	0	0	0	11.9754	7.18526	16.7656	11.9755	11.9654	11.9427	-99.99	11.942	11.7782	11.6507	11.4694	11.3557	11.0996	10.7349	-99.99	0.412335
setup	0	2023-04-26 23:00:00	11.9501	412.981	186.222	10.8664	323.104	0	57.619	0	0	0	0	12.1328	7.27967	16.9859	12.1329	12.1231	12.1014	-99.99	12.1008	11.9437	11.8213	11.6469	11.5372	11.2877	10.9219	-99.99	0.421388
setup	0	2023-04-27 23:00:00	11.9488	412.081	187.331	10.9245	323.942	0	58.382	0	0	0	0	12.2889	7.37335	17.2045	12.289	12.279	12.2566	-99.99	12.2559	12.0963	11.9774	11.8069	11.699	11.452	11.0821	-99.99	0.430369
setup	0	2023-04-28 23:00:00	11.9475	411.18	188.422	10.9823	324.774	0	59.139	0	0	0	0	12.4438	7.46627	17.4213	12.4438	12.4342	12.4126	-99.99	12.412	12.2562	12.1364	11.9649	11.8562	11.6062	11.2277	-99.99	0.439499
setup	0	2023-04-29 23:00:00	11.9462	410.277	189.498	11.0401	325.602	0	59.8898	0	0	0	0	12.5973	7.5584	17.6363	12.5974	12.5876	12.566	-99.99	12.5654	12.4088	12.2883	12.1152	12.0054	11.7519	11.3647	-99.99	0.448612
setup	0	2023-04-30 23:00:00	11.9449	409.373	190.556	11.0978	326.424	0	60.6341	0	0	0	0	12.7495	7.64971	17.8493	12.7495	12.7394	12.717	-99.99	12.7163	12.5562	12.4324	12.2558	12.1442	11.8875	11.4936	-99.99	0.457748
setup	0	2023-05-01 23:00:00	11.9436	408.469	191.597	11.1557	327.241	0	61.3716	0	0	0	0	12.9003	7.74017	18.0604	12.9003	12.8902	12.8677	-99.99	12.867	12.7056	12.581	12.4027	12.2896	12.0277	11.6228	-99.99	0.466893
setup	0	2023-05-02 23:00:00	11.9423	407.565	192.621	11.214	328.051	0	62.1023	0	0	0	0	13.0496	7.82977	18.2695	13.0496	13.0397	13.0177	-99.99	13.017	12.8562	12.731	12.5506	12.4355	12.1673	11.7512	-99.99	0.476111
setup	0	2023-05-03 23:00:00	11.941	406.663	193.627	11.273	328.855	0	62.8258	0	0	0	0	13.1974	7.91846	18.4764	13.1974	13.1872	13.1644	-99.99	13.1637	12.9992	12.8714	12.6878	12.571	12.2992	11.8756	-99.99	0.48529
setup	0	2023-05-04 23:00:00	11.9398	405.763	194.616	11.3327	329.653	0	63.5419	0	0	0	0	13.3437	8.00624	18.6812	13.3436	13.3333	13.3102	-99.99	13.3094	13.1426	13.0131	12.8269	12.7083	12.4316	11.9986	-99.99	0.494487
setup	0	2023-05-05 23:00:00	11.9386	404.867	195.586	11.3935	330.444	0	64.2504	0	0	0	0	13.4884	8.09306	18.8838	13.4883	13.4781	13.4553	-99.99	13.4546	13.2878	13.1576	12.9693	12.8486	12.5659	12.1218	-99.99	0.503742
setup	0	2023-05-06 23:00:00	11.9373	403.974	196.539	11.4554	331.228	0	64.9511	0	0	0	0	13.6315	8.1789	19.0841	13.6314	13.6203	13.5957	-99.99	13.5949	13.4155	13.2713	13.0745	12.9542	12.6796	12.2432	-99.99	0.512734
setup	0	2023-05-07 23:00:00	11.9361	403.086	197.473	11.5186	332.004	0	65.6437	0	0	0	0	13.7729	8.26375	19.2821	13.7728	13.7619	13.7378	-99.99	13.737	13.5633	13.4279	13.2322	13.1072	12.8147	12.3527	-99.99	0.521941
setup	0	2023-05-08 23:00:00	11.935	402.203	198.388	11.5835	332.773	0	66.3282	0	0	0	0	13.9126	8.34757	19.4777	13.9125	13.9016	13.8775	-99.99	13.8768	13.7019	13.5652	13.3679	13.2417	12.9457	12.4754	-99.99	0.53118
setup	0	2023-05-09 23:00:00	11.9338	401.327	199.284	11.6503	333.534	0	67.0041	0	0	0	0	14.0506	8.43034	19.6708	14.0504	14.0394	14.0148	-99.99	14.014	13.8375	13.6986	13.4983	13.3705	13.071	12.5937	-99.99	0.540389
setup	0	2023-05-10 23:00:00	11.9326	400.457	200.162	11.7193	334.286	0	67.6715	0	0	0	0	14.1867	8.51203	19.8614	14.1866	14.1756	14.1512	-99.99	14.1504	13.9734	13.8341	13.6323	13.5028	13.1981	12.7111	-99.99	0.5496
setup	0	2023-05-11 23:00:00	11.9315	399.596	201.02	11.7907	335.03	0	68.3299	0	0	0	0	14.321	8.59262	20.0494	14.3209	14.3099	14.2854	-99.99	14.2846	14.1061	13.9655	13.7615	13.6304	13.3216	12.8268	-99.99	0.558787
setup	0	2023-05-12 23:00:00	11.9304	398.742	201.86	11.865	335.765	0	68.9793	0	0	0	0	14.4535	8.67209	20.2349	14.4533	14.4421	14.4171	-99.99	14.4164	14.2361	14.0928	13.8855	13.7527	13.4405	12.9392	-99.99	0.56793
setup	0	2023-05-13 23:00:00	11.9293	397.899	202.679	11.9424	336.491	0	69.6195	0	0	0	0	14.584	8.75041	20.4176	14.5839	14.5716	14.5441	-99.99	14.5433	14.3585	14.2135	14.0039	13.8696	13.5547	13.048	-99.99	0.576826
setup	0	2023-05-14 23:00:00	11.9282	397.065	203.48	12.0233	337.207	0	70.2501	0	0	0	0	14.7126	8.82756	20.5976	14.7125	14.7009	14.6753	-99.99	14.6745	14.4898	14.3451	14.1349	13.9996	13.6789	13.161	-99.99	0.58597
setup	0	2023-05-15 23:00:00	11.9272	396.241	204.26	12.1081	337.914	0	70.8712	0	0	0	0	14.8392	8.90352	20.7749	14.8391	14.8277	14.8023	-99.99	14.8015	14.6174	14.4718	14.2598	14.1227	13.7976	13.2719	-99.99	0.595038
setup	0	2023-05-16 23:00:00	11.9261	395.429	205.021	12.1974	338.611	0	71.4824	0	0	0	0	14.9638	8.97826	20.9493	14.9636	14.9522	14.9268	-99.99	14.926	14.7405	14.5937	14.3798	14.2415	13.9128	13.3803	-99.99	0.604023
setup	0	2023-05-17 23:00:00	11.9251	394.63	205.761	12.2914	339.298	0	72.0836	0	0	0	0	15.0863	9.05176	21.1208	15.0862	15.0746	15.0488	-99.99	15.048	14.8611	14.7119	14.495	14.3552	14.0236	13.4853	-99.99	0.612942
setup	0	2023-05-18 23:00:00	11.9241	393.843	206.481	12.3909	339.974	0	72.6746	0	0	0	0	15.2067	9.124	21.2893	15.2066	15.195	15.1692	-99.99	15.1684	14.9806	14.8312	14.6132	14.4721	14.1363	13.5901	-99.99	0.62178
setup	0	2023-05-19 23:00:00	11.9232	393.07	207.182	12.4962	340.639	0	73.2552	0	0	0	0	15.3249	9.19496	21.4549	15.3248	15.3126	15.2854	-99.99	15.2845	15.0955	14.9434	14.7218	14.5791	14.2409	13.6906	-99.99	0.630447
setup	0	2023-05-20 23:00:00	11.9222	392.311	207.861	12.6079	341.294	0	73.8252	0	0	0	0	15.441	9.26462	21.6175	15.441	15.4292	15.4029	-99.99	15.4021	15.2119	15.0607	14.8395	14.696	14.3533	13.794	-99.99	0.639157
setup	0	2023-05-21 23:00:00	11.9213	391.566	208.52	12.7267	341.937	0	74.3845	0	0	0	0	15.5549	9.33296	21.7769	15.5549	15.5431	15.5168	-99.99	15.516	15.3249	15.1729	14.9503	14.8057	14.46	13.8948	-99.99	0.647774
setup	0	2023-05-22 23:00:00	11.9204	390.838	209.159	12.8532	342.569	0	74.9329	0	0	0	0	15.6666	9.39995	21.9332	15.6665	15.6539	15.6259	-99.99	15.625	15.4326	15.2778	15.0515	14.9053	14.5579	13.9897	-99.99	0.65616
setup	0	2023-05-23 23:00:00	11.9195	390.125	209.777	12.988	343.188	0	75.4703	0	0	0	0	15.776	9.46558	22.0864	15.7759	15.7633	15.7351	-99.99	15.7342	15.5389	15.3842	15.1579	15.0113	14.661	14.0862	-99.99	0.664476
setup	0	2023-05-24 23:00:00	11.9186	389.429	210.374	13.1318	343.796	0	75.9964	0	0	0	0	15.8831	9.52983	22.2363	15.883	15.871	15.8443	-99.99	15.8434	15.6497	15.4955	15.2691	15.1215	14.767	14.1841	-99.99	0.672868
setup	0	2023-05-25 23:00:00	11.9178	388.751	210.95	13.2853	344.392	0	76.5111	0	0	0	0	15.9878	9.59268	22.3829	15.9878	15.9743	15.9444	-99.99	15.9435	15.726	15.5618	15.3345	15.1905	14.8463	14.2715	-99.99	0.680684
setup	0	2023-05-26 23:00:00	11.917	388.09	211.505	13.4494	344.975	0	77.0143	0	0	0	0	16.0902	9.6541	22.5262	16.0902	16.0778	16.0504	-99.99	16.0495	15.8497	15.6936	15.4639	15.3138	14.9528	14.3587	-99.99	0.688998
setup	0	2023-05-27 23:00:00	11.9162	387.448	212.039	13.6246	345.545	0	77.5058	0	0	0	0	16.1901	9.71409	22.6662	16.1901	16.1779	16.1506	-99.99	16.1497	15.95	15.7921	15.5607	15.4102	15.0488	14.452	-99.99	0.697061
setup	0	2023-05-28 23:00:00	11.9154	386.825	212.551	13.8117	346.102	0	77.9855	0	0	0	0	16.2877	9.77262	22.8028	16.2877	16.2755	16.2483	-99.99	16.2474	16.0475	15.89	15.6588	15.508	15.145	14.5434	-99.99	0.704881
setup	0	2023-05-29 23:00:00	11.9147	386.222	213.043	14.0114	346.647	0	78.4532	0	0	0	0	16.3828	9.82968	22.9359	16.3828	16.3708	16.344	-99.99	16.3431	16.1469	15.9888	15.7559	15.6041	15.2384	14.632	-99.99	0.712582
setup	0	2023-05-30 23:00:00	11.914	385.638	213.513	14.2245	347.177	0	78.9087	0	0	0	0	16.4754	9.88525	23.0656	16.4754	16.4625	16.4337	-99.99	16.4328	16.2285	16.0692	15.8364	15.685	15.321	14.715	-99.99	0.719947
setup	0	2023-05-31 23:00:00	11.9133	385.076	213.961	14.4515	347.694	0	79.352	0	0	0	0	16.5655	9.93931	23.1917	16.5655	16.5533	16.5262	-99.99	16.5253	16.3253	16.1676	15.9351	15.7827	15.4139	14.7994	-99.99	0.727414
setup	0	2023-06-01 23:00:00	11.9127	384.534	214.388	14.6931	348.197	0	79.7829	0	0	0	0	16.6531	9.99184	23.3143	16.6531	16.6409	16.6136	-99.99	16.6128	16.412	16.2535	16.0201	15.8673	15.4978	14.8809	-99.99	0.734643
setup	0	2023-06-02 23:00:00	11.912	384.014	214.794	14.9495	348.686	0	80.2013	0	0	0	0	16.7381	10.0428	23.4333	16.7381	16.7253	16.6966	-99.99	16.6957	16.4892	16.3308	16.0984	15.9462	15.5771	14.9586	-99.99	0.741485
setup	0	2023-06-03 23:00:00	11.9114	383.515	215.178	15.2212	349.161	0	80.607	0	0	0	0	16.8205	10.0923	23.5487	16.8205	16.8081	16.7804	-99.99	16.7795	16.5769	16.4182	16.184	16.0303	15.6573	15.0335	-99.99	0.748462
setup	0	2023-06-04 23:00:00	11.9109	383.04	215.54	15.5083	349.622	0	80.9999	0	0	0	0	16.9003	10.1402	23.6604	16.9003	16.8879	16.8602	-99.99	16.8593	16.6564	16.4975	16.2626	16.1085	15.7342	15.1075	-99.99	0.755192
setup	0	2023-06-05 23:00:00	11.9103	382.586	215.88	15.8106	350.067	0	62.3585	0	0	0	0	16.9774	10.1865	23.7684	16.9775	16.965	16.9373	-99.99	16.9364	16.733	16.5736	16.3379	16.1834	15.808	15.1789	-99.99	0.761729
setup	0	2023-06-06 23:00:00	11.9098	382.156	216.199	16.1279	350.498	0	51.1726	0	0	0	0	17.0519	10.2312	23.8727	17.052	17.0397	17.0123	-99.99	17.0114	16.8094	16.648	16.4099	16.2541	15.8771	15.2465	-99.99	0.768217
setup	0	2023-06-07 23:00:00	11.9093	381.75	216.495	16.4594	350.914	0	50.8927	0	0	0	0	17.1237	10.2742	23.9732	17.1238	17.1075	17.0713	-99.99	17.0701	16.8166	16.6333	16.3901	16.2404	15.8946	15.2967	-99.99	0.773101
setup	0	2023-06-08 23:00:00	11.9089	381.367	216.77	16.8042	351.314	0	40.9245	0	0	0	0	17.1929	10.3157	24.07	17.1929	17.1801	17.1516	-99.99	17.1507	16.9426	16.78	16.5391	16.3807	15.9965	15.3547	-99.99	0.779693
setup	0	2023-06-09 23:00:00	11.9085	381.009	217.023	17.1609	351.7	0	59.6371	0	0	0	0	17.2592	10.3555	24.1629	17.2593	17.2467	17.2187	-99.99	17.2178	17.0132	16.8533	16.6163	16.4602	16.0803	15.4396	-99.99	0.785514
setup	0	2023-06-10 23:00:00	11.9081	380.674	217.254	17.5275	352.069	0	52.5026	0	0	0	0	17.3229	10.3937	24.252	17.323	17.3105	17.2827	-99.99	17.2819	17.0786	16.9197	16.6843	16.5295	16.1522	15.5127	-99.99	0.791095
setup	0	2023-06-11 23:00:00	11.9077	380.365	217.463	17.902	352.423	0	45.4851	0	0	0	0	17.3838	10.4303	24.3373	17.3839	17.3715	17.3438	-99.99	17.343	17.1406	16.9822	16.7477	16.5935	16.2175	15.5781	-99.99	0.796439
setup	0	2023-06-12 23:00:00	11.9074	380.08	217.65	18.2814	352.761	0	42.4651	0	0	0	0	17.4419	10.4651	24.4186	17.442	17.4296	17.4019	-99.99	17.401	17.1987	17.0407	16.8068	16.653	16.2778	15.6384	-99.99	0.801538
setup	0	2023-06-13 23:00:00	11.907	379.821	217.814	18.6627	353.083	0	32.3485	0	0	0	0	17.4972	10.4983	24.496	17.4973	17.4849	17.4575	-99.99	17.4566	17.2552	17.0976	16.864	16.7104	16.3353	15.6953	-99.99	0.806429
setup	0	2023-06-14 23:00:00	11.9068	379.587	217.957	19.042	353.389	0	26.5419	0	0	0	0	17.5497	10.5298	24.5695	17.5498	17.5375	17.5101	-99.99	17.5092	17.3082	17.151	16.9178	16.7644	16.3897	15.7495	-99.99	0.811078
setup	0	2023-06-15 23:00:00	11.9065	379.378	218.078	19.4152	353.679	0	28.7055	0	0	0	0	17.5993	10.5596	24.6391	17.5994	17.5866	17.5581	-99.99	17.5572	17.3545	17.1955	16.9609	16.8073	16.434	15.7967	-99.99	0.815495
setup	0	2023-06-16 23:00:00	11.9063	379.196	218.176	19.778	353.952	0	18.9847	0	0	0	0	17.6461	10.5877	24.7046	17.6462	17.6342	17.6074	-99.99	17.6066	17.4084	17.2521	17.0199	16.8668	16.4921	15.8504	-99.99	0.819717
setup	0	2023-06-17 23:00:00	11.9061	379.038	218.253	20.1255	354.209	0	23.3085	0	0	0	0	17.6901	10.6141	24.7661	17.6902	17.6766	17.6463	-99.99	17.6453	17.4346	17.2768	17.0461	16.8953	16.528	15.8948	-99.99	0.823008
setup	0	2023-06-18 23:00:00	11.906	378.907	218.307	20.4527	354.449	0	14.5379	0	0	0	0	17.7312	10.6387	24.8237	17.7313	17.7193	17.6926	-99.99	17.6918	17.4966	17.3416	17.1109	16.9583	16.5843	15.9422	-99.99	0.827054
setup	0	2023-06-19 23:00:00	11.9059	378.802	218.339	20.7547	354.673	0	16.436	0	0	0	0	17.7694	10.6616	24.8771	17.7695	17.7572	17.7298	-99.99	17.729	17.5285	17.37	17.139	16.9888	16.6235	15.9898	-99.99	0.830341
setup	0	2023-06-20 23:00:00	11.9058	378.723	218.349	21.0265	354.88	0	11.5089	0	0	0	0	17.8047	10.6828	24.9266	17.8048	17.7928	17.7662	-99.99	17.7654	17.5704	17.418	17.191	17.0406	16.671	16.0317	-99.99	0.833623
setup	0	2023-06-21 23:00:00	11.9057	378.67	218.337	21.2635	355.069	0	10.1809	0	0	0	0	17.8371	10.7023	24.9719	17.8372	17.8253	17.7989	-99.99	17.7981	17.6045	17.4532	17.2278	17.0786	16.7117	16.0746	-99.99	0.836588
setup	0	2023-06-22 23:00:00	11.9057	378.643	218.303	21.4613	355.242	0	9.30667	0	0	0	0	17.8666	10.7199	25.0132	17.8667	17.8549	17.8287	-99.99	17.8279	17.6355	17.4851	17.2611	17.1129	16.7481	16.1131	-99.99	0.839283
setup	0	2023-06-23 23:00:00	11.9057	378.643	218.247	21.6163	355.398	0	8.7623	0	0	0	0	17.8931	10.7359	25.0504	17.8932	17.8816	17.8555	-99.99	17.8547	17.6635	17.5141	17.2915	17.1442	16.7813	16.1482	-99.99	0.841713
setup	0	2023-06-24 23:00:00	11.9057	378.668	218.168	21.7254	355.536	0	17.4752	0	0	0	0	17.9168	10.7501	25.0835	17.9169	17.9045	17.8771	-99.99	17.8762	17.6897	17.5377	17.313	17.1655	16.8049	16.1764	-99.99	0.843769
setup	0	2023-06-25 23:00:00	11.9058	378.719	218.068	21.7864	355.658	0	14.113	0	0	0	0	17.9375	10.7625	25.1125	17.9371	17.9187	17.9011	-99.99	17.9007	17.7158	17.5728	17.3593	17.2131	16.8537	16.2223	-99.99	0.84571
setup	0	2023-06-26 23:00:00	11.9059	378.797	217.946	21.798	355.762	0	15.5592	0	0	0	0	17.9552	10.7731	25.1373	17.9548	17.9352	17.9166	-99.99	17.9161	17.7332	17.5854	17.3675	17.2237	16.8694	16.2473	-99.99	0.847241
setup	0	2023-06-27 23:00:00	11.906	378.9	217.801	21.7835	355.849	0	11.8314	0	0	0	0	17.97	10.782	25.158	17.9697	17.9513	17.9338	-99.99	17.9333	17.7532	17.6094	17.3936	17.2503	16.8957	16.2721	-99.99	0.848658
setup	0	2023-06-28 23:00:00	11.9062	379.029	217.635	21.7668	355.918	0	11.5888	0	0	0	0	17.9819	10.7891	25.1746	17.9815	17.9631	17.9456	-99.99	17.9452	17.7637	17.621	17.4078	17.2661	16.9149	16.2954	-99.99	0.849729
setup	0	2023-06-29 23:00:00	11.9064	379.183	217.447	21.748	355.971	0	11.3874	0	0	0	0	17.9907	10.7944	25.187	17.9904	17.9722	17.9549	-99.99	17.9545	17.7745	17.633	17.4213	17.2806	16.9315	16.3148	-99.99	0.850574
setup	0	2023-06-30 23:00:00	11.9066	379.363	217.237	21.727	356.005	0	15.2589	0	0	0	0	17.9967	10.798	25.1953	17.9963	17.9779	17.9605	-99.99	17.96	17.7826	17.6413	17.4301	17.2901	16.9434	16.3307	-99.99	0.851125
setup	0	2023-07-01 23:00:00	11.9068	379.568	217.005	21.7037	356.023	0	15.6022	0	0	0	0	17.9996	10.7998	25.1995	17.9993	17.9806	17.963	-99.99	17.9625	17.7865	17.6473	17.439	17.3004	16.9562	16.3464	-99.99	0.851348
setup	0	2023-07-02 23:00:00	11.9071	379.799	216.752	21.6783	356.023	0	11.8763	0	0	0	0	17.9996	10.7998	25.1995	17.9993	17.9819	17.9654	-99.99	17.965	17.7942	17.6559	17.4491	17.3113	16.9686	16.361	-99.99	0.851476
setup	0	2023-07-03 23:00:00	11.9074	380.054	216.477	21.6507	356.005	0	15.819	0	0	0	0	17.9967	10.798	25.1953	17.9963	17.9779	17.9604	-99.99	17.9599	17.7889	17.6518	17.4471	17.3109	16.9726	16.3712	-99.99	0.851104
setup	0	2023-07-04 23:00:00	11.9078	380.333	216.18	21.621	355.971	0	16.1735	0	0	0	0	17.9907	10.7944	25.187	17.9904	17.9714	17.9534	-99.99	17.9529	17.7816	17.6473	17.4457	17.3113	16.9762	16.3783	-99.99	0.850482
setup	0	2023-07-05 23:00:00	11.9082	380.637	215.862	21.589	355.918	0	15.2297	0	0	0	0	17.9819	10.7891	25.1746	17.9815	17.9645	17.9483	-99.99	17.9479	17.7821	17.649	17.4486	17.3148	16.9807	16.3855	-99.99	0.849878
setup	0	2023-07-06 23:00:00	11.9086	380.965	215.522	21.5549	355.849	0	11.8251	0	0	0	0	17.97	10.782	25.158	17.9697	17.9528	17.9367	-99.99	17.9363	17.7696	17.6387	17.4416	17.3099	16.9804	16.3908	-99.99	0.848798
setup	0	2023-07-07 23:00:00	11.909	381.316	215.16	21.5187	355.762	0	14.3666	0	0	0	0	17.9552	10.7731	25.1373	17.9549	17.9391	17.924	-99.99	17.9236	17.7645	17.6398	17.4523	17.3267	16.9992	16.4044	-99.99	0.847637
setup	0	2023-07-08 23:00:00	11.9095	381.691	214.778	21.4803	355.658	0	14.3525	0	0	0	0	17.9375	10.7625	25.1125	17.9372	17.9211	17.9058	-99.99	17.9054	17.7458	17.6194	17.4285	17.3006	16.9797	16.4019	-99.99	0.846054
setup	0	2023-07-09 23:00:00	11.91	382.089	214.374	21.4397	355.536	0	11.0315	0	0	0	0	17.9168	10.7501	25.0835	17.9165	17.9005	17.8853	-99.99	17.8849	17.7257	17.6004	17.4116	17.285	16.9669	16.3931	-99.99	0.844164
setup	0	2023-07-10 23:00:00	11.9105	382.509	213.948	21.397	355.398	0	10.8517	0	0	0	0	17.8931	10.7359	25.0504	17.8928	17.8771	17.8621	-99.99	17.8617	17.7042	17.5804	17.3935	17.2682	16.953	16.384	-99.99	0.842041
setup	0	2023-07-11 23:00:00	11.911	382.951	213.502	21.3522	355.242	0	10.6891	0	0	0	0	17.8666	10.7199	25.0132	17.8663	17.8507	17.8359	-99.99	17.8356	17.6802	17.5579	17.3733	17.2494	16.9375	16.3738	-99.99	0.839661
setup	0	2023-07-12 23:00:00	11.9116	383.415	213.035	21.3053	355.069	0	10.5358	0	0	0	0	17.8371	10.7023	24.9719	17.8368	17.8215	17.8069	-99.99	17.8065	17.6534	17.5328	17.3507	17.2283	16.9201	16.362	-99.99	0.837026
setup	0	2023-07-13 23:00:00	11.9122	383.901	212.546	21.2562	354.88	0	10.3854	0	0	0	0	17.8047	10.6828	24.9266	17.8044	17.7893	17.775	-99.99	17.7746	17.6238	17.5051	17.3256	17.2049	16.9004	16.3483	-99.99	0.834136
setup	0	2023-07-14 23:00:00	11.9128	384.407	212.037	21.2051	354.673	0	11.4011	0	0	0	0	17.7694	10.6616	24.8771	17.7691	17.7542	17.7402	-99.99	17.7398	17.5915	17.4747	17.2979	17.1789	16.8784	16.3324	-99.99	0.830995
setup	0	2023-07-15 23:00:00	11.9135	384.933	211.507	21.1519	354.449	0	27.9113	0	0	0	0	17.7312	10.6387	24.8237	17.7309	17.7162	17.7023	-99.99	17.7019	17.563	17.4437	17.2681	17.1517	16.8593	16.3188	-99.99	0.827613
setup	0	2023-07-16 23:00:00	11.9142	385.48	210.957	21.0965	354.209	0	12.1129	0	0	0	0	17.6901	10.6141	24.7661	17.6898	17.6757	17.6623	-99.99	17.6619	17.5239	17.4121	17.242	17.127	16.8353	16.3011	-99.99	0.823894
setup	0	2023-07-17 23:00:00	11.9149	386.046	210.386	21.0392	353.952	0	15.0401	0	0	0	0	17.6461	10.5877	24.7046	17.6458	17.6313	17.6174	-99.99	17.6171	17.4774	17.3692	17.203	17.0903	16.8036	16.2775	-99.99	0.81995
setup	0	2023-07-18 23:00:00	11.9156	386.63	209.794	20.9797	353.679	0	14.2116	0	0	0	0	17.5993	10.5596	24.6391	17.599	17.5858	17.5733	-99.99	17.5729	17.4392	17.3345	17.1754	17.0679	16.7926	16.2649	-99.99	0.815965
setup	0	2023-07-19 23:00:00	11.9164	387.233	209.182	20.9182	353.389	0	10.5682	0	0	0	0	17.5497	10.5298	24.5695	17.5493	17.5362	17.5236	-99.99	17.5233	17.3916	17.2877	17.1294	17.0219	16.7466	16.2362	-99.99	0.811577
setup	0	2023-07-20 23:00:00	11.9172	387.854	208.55	20.8547	353.083	0	10.3938	0	0	0	0	17.4972	10.4983	24.496	17.4968	17.4838	17.4715	-99.99	17.4712	17.3412	17.2386	17.0823	16.9761	16.7045	16.2008	-99.99	0.806976
setup	0	2023-07-21 23:00:00	11.918	388.492	207.898	20.7892	352.761	0	13.6732	0	0	0	0	17.4419	10.4651	24.4186	17.4415	17.4289	17.4169	-99.99	17.4166	17.2897	17.1885	17.0342	16.9295	16.6618	16.1651	-99.99	0.802208
setup	0	2023-07-22 23:00:00	11.9189	389.146	207.226	20.7216	352.423	0	10.462	0	0	0	0	17.3838	10.4303	24.3373	17.3834	17.371	17.3593	-99.99	17.359	17.2345	17.1356	16.9847	16.882	16.6189	16.1295	-99.99	0.797151
setup	0	2023-07-23 23:00:00	11.9197	389.816	206.534	20.6521	352.069	0	10.2979	0	0	0	0	17.3229	10.3937	24.252	17.3225	17.3105	17.299	-99.99	17.2987	17.1771	17.0805	16.9328	16.8321	16.5738	16.0922	-99.99	0.789534
setup	0	2023-07-24 23:00:00	11.9206	390.502	205.822	20.5352	351.7	0	14.6589	0	0	0	0	17.2592	10.3555	24.1629	17.2589	17.2462	17.2341	-99.99	17.2338	17.1164	17.0206	16.8744	16.7754	16.5226	16.0506	-99.99	0.783967
setup	0	2023-07-25 23:00:00	11.9215	391.202	205.091	20.4502	351.314	0	11.398	0	0	0	0	17.1929	10.3157	24.07	17.1925	17.1808	17.1696	-99.99	17.1693	17.0538	16.9621	16.8213	16.725	16.4768	16.0111	-99.99	0.778278
setup	0	2023-07-26 23:00:00	11.9224	391.916	204.34	20.3606	350.914	0	11.1216	0	0	0	0	17.1237	10.2742	23.9732	17.1237	17.1169	17.1017	-99.99	17.1013	16.9897	16.9006	16.7634	16.6694	16.4264	15.9691	-99.99	0.77473
setup	0	2023-07-27 23:00:00	11.9234	392.644	203.57	20.266	350.498	0	10.8816	0	0	0	0	17.0519	10.2312	23.8727	17.0518	17.0453	17.0307	-99.99	17.0302	16.9221	16.8356	16.7021	16.6104	16.3729	15.9243	-99.99	0.768659
setup	0	2023-07-28 23:00:00	11.9244	393.384	202.781	20.1658	350.067	0	14.5197	0	0	0	0	16.9774	10.1865	23.7684	16.9773	16.9706	16.9556	-99.99	16.9551	16.85	16.7643	16.634	16.5447	16.3135	15.8751	-99.99	0.76235
setup	0	2023-07-29 23:00:00	11.9254	394.137	201.973	20.0595	349.622	0	14.4894	0	0	0	0	16.9003	10.1402	23.6604	16.9001	16.8939	16.88	-99.99	16.8795	16.7811	16.6981	16.5707	16.4832	16.2563	15.8252	-99.99	0.755911
setup	0	2023-07-30 23:00:00	11.9264	394.9	201.145	19.9463	349.161	0	14.8227	0	0	0	0	16.8205	10.0923	23.5487	16.8203	16.8137	16.7989	-99.99	16.7985	16.7	16.6215	16.4994	16.4151	16.1951	15.7741	-99.99	0.749152
setup	0	2023-07-31 23:00:00	11.9274	395.675	200.3	19.8255	348.686	0	14.7719	0	0	0	0	16.7381	10.0428	23.4333	16.7379	16.7316	16.7174	-99.99	16.7169	16.6221	16.5458	16.4274	16.3455	16.1314	15.7194	-99.99	0.742323
setup	0	2023-08-01 23:00:00	11.9285	396.459	199.435	19.6963	348.197	0	13.3729	0	0	0	0	16.6531	9.99184	23.3143	16.6529	16.6473	16.6349	-99.99	16.6345	16.5441	16.4717	16.357	16.2772	16.0677	15.6641	-99.99	0.735415
setup	0	2023-08-02 23:00:00	11.9296	397.252	198.553	19.5578	347.694	0	13.5076	0	0	0	0	16.5655	9.93931	23.1917	16.5654	16.5604	16.5495	-99.99	16.5491	16.4652	16.3974	16.2914	16.2174	16.0187	15.6177	-99.99	0.72836
setup	0	2023-08-03 23:00:00	11.9307	398.054	197.652	19.409	347.177	0	14.4418	0	0	0	0	16.4754	9.88525	23.0656	16.4752	16.4697	16.4573	-99.99	16.4569	16.3769	16.3092	16.2036	16.13	15.9358	15.555	-99.99	0.720937
setup	0	2023-08-04 23:00:00	11.9318	398.863	196.733	19.2491	346.647	0	14.7798	0	0	0	0	16.3828	9.82968	22.9359	16.3826	16.3768	16.3638	-99.99	16.3634	16.2814	16.2172	16.1165	16.046	15.8582	15.4868	-99.99	0.713323
setup	0	2023-08-05 23:00:00	11.9329	399.68	195.796	19.0769	346.102	0	16.3616	0	0	0	0	16.2877	9.77262	22.8028	16.2875	16.2837	16.275	-99.99	16.2747	16.2058	16.1466	16.0533	15.9875	15.8094	15.4352	-99.99	0.706087
setup	0	2023-08-06 23:00:00	11.9341	400.502	194.842	18.8916	345.545	0	10.0937	0	0	0	0	16.1901	9.71409	22.6662	16.19	16.1858	16.1766	-99.99	16.1763	16.1067	16.0494	15.9582	15.8934	15.7184	15.3673	-99.99	0.698236
setup	0	2023-08-07 23:00:00	11.9353	401.33	193.87	18.6923	344.975	0	9.90603	0	0	0	0	16.0902	9.6541	22.5262	16.09	16.086	16.0771	-99.99	16.0768	16.0096	15.9541	15.8657	15.8028	15.633	15.2914	-99.99	0.690332
setup	0	2023-08-08 23:00:00	11.9364	402.163	192.882	18.4781	344.392	0	9.73736	0	0	0	0	15.9878	9.59268	22.3829	15.9877	15.9838	15.9754	-99.99	15.9751	15.9108	15.8577	15.7727	15.7121	15.5479	15.2162	-99.99	0.682311
setup	0	2023-08-09 23:00:00	11.9377	403	191.876	18.2482	343.796	0	9.58059	0	0	0	0	15.8831	9.52983	22.2363	15.8829	15.8793	15.8713	-99.99	15.8711	15.8101	15.7596	15.6784	15.6203	15.462	15.1405	-99.99	0.674176
setup	0	2023-08-10 23:00:00	11.9389	403.84	190.853	18.0022	343.188	0	9.4336	0	0	0	0	15.776	9.46558	22.0864	15.7759	15.7725	15.765	-99.99	15.7647	15.7074	15.6596	15.5823	15.5268	15.3748	15.0638	-99.99	0.66593
setup	0	2023-08-11 23:00:00	11.9401	404.682	189.813	17.7397	342.569	0	9.30035	0	0	0	0	15.6666	9.39995	21.9332	15.6665	15.6634	15.6564	-99.99	15.6561	15.6024	15.5575	15.4844	15.4315	15.2859	14.9856	-99.99	0.657579
setup	0	2023-08-12 23:00:00	11.9414	405.526	188.758	17.4606	341.937	0	13.4261	0	0	0	0	15.5549	9.33296	21.7769	15.5549	15.5512	15.543	-99.99	15.5427	15.4925	15.4495	15.379	15.3287	15.1905	14.9031	-99.99	0.649001
setup	0	2023-08-13 23:00:00	11.9426	406.371	187.686	17.1652	341.294	0	10.3552	0	0	0	0	15.441	9.26462	21.6175	15.441	15.4385	15.4328	-99.99	15.4326	15.3897	15.3502	15.2851	15.2374	15.1038	14.824	-99.99	0.640546
setup	0	2023-08-14 23:00:00	11.9439	407.216	186.598	16.8539	340.639	0	10.1855	0	0	0	0	15.3249	9.19496	21.4549	15.325	15.3225	15.317	-99.99	15.3168	15.2747	15.239	15.1791	15.1348	15.0094	14.7423	-99.99	0.631879
setup	0	2023-08-15 23:00:00	11.9452	408.06	185.494	16.5276	339.974	0	13.9037	0	0	0	0	15.2067	9.124	21.2893	15.2067	15.2043	15.199	-99.99	15.1989	15.1609	15.1277	15.0717	15.0301	14.9116	14.6563	-99.99	0.623156
setup	0	2023-08-16 23:00:00	11.9465	408.903	184.376	16.1874	339.298	0	10.6124	0	0	0	0	15.0863	9.05176	21.1208	15.0864	15.0844	15.0799	-99.99	15.0798	15.0457	15.016	14.9649	14.9262	14.8143	14.5698	-99.99	0.61437
setup	0	2023-08-17 23:00:00	11.9478	409.744	183.242	15.8351	338.611	0	10.7243	0	0	0	0	14.9638	8.97826	20.9493	14.9639	14.9622	14.9584	-99.99	14.9583	14.9285	14.9019	14.8553	14.8195	14.7144	14.4813	-99.99	0.605523
setup	0	2023-08-18 23:00:00	11.9492	410.582	182.093	15.4727	337.914	0	10.9995	0	0	0	0	14.8392	8.90352	20.7749	14.8393	14.8379	14.8347	-99.99	14.8346	14.809	14.7855	14.7433	14.7104	14.6124	14.3909	-99.99	0.596611
setup	0	2023-08-19 23:00:00	11.9505	411.416	180.929	15.1024	337.207	0	11.4758	0	0	0	0	14.7126	8.82756	20.5976	14.7127	14.7116	14.709	-99.99	14.7089	14.6874	14.6669	14.6293	14.5993	14.5083	14.2985	-99.99	0.587641
setup	0	2023-08-20 23:00:00	11.9518	412.246	179.751	14.7268	336.491	0	12.2005	0	0	0	0	14.584	8.75041	20.4176	14.5842	14.5833	14.5812	-99.99	14.5812	14.5637	14.5464	14.5133	14.4863	14.4023	14.2043	-99.99	0.578619
setup	0	2023-08-21 23:00:00	11.9532	413.071	178.559	14.3487	335.765	0	13.2301	0	0	0	0	14.4535	8.67209	20.2349	14.4536	14.453	14.4515	-99.99	14.4515	14.4381	14.4239	14.3953	14.3712	14.2944	14.1083	-99.99	0.569554
setup	0	2023-08-22 23:00:00	11.9546	413.89	177.354	13.9708	335.03	0	21.8415	0	0	0	0	14.321	8.59262	20.0494	14.3212	14.3207	14.3196	-99.99	14.3195	14.3104	14.2988	14.2745	14.2533	14.1836	14.0099	-99.99	0.560451
setup	0	2023-08-23 23:00:00	11.956	414.702	176.134	13.5959	334.286	0	34.838	0	0	0	0	14.1867	8.51203	19.8614	14.1869	14.1866	14.186	-99.99	14.186	14.1827	14.1779	14.1586	14.1405	14.0782	13.9147	-99.99	0.551313
setup	0	2023-08-24 23:00:00	11.9574	415.507	174.902	13.2268	333.534	0	19.1206	0	0	0	0	14.0506	8.43034	19.6708	14.0507	14.0509	14.0512	-99.99	14.0512	14.0511	14.0469	14.0329	14.0181	13.9633	13.8136	-99.99	0.542178
setup	0	2023-08-25 23:00:00	11.9588	416.304	173.657	12.8661	332.773	0	21.9875	0	0	0	0	13.9126	8.34757	19.4777	13.9128	13.9131	13.914	-99.99	13.914	13.9186	13.917	13.9071	13.8952	13.8474	13.7097	-99.99	0.532991
setup	0	2023-08-26 23:00:00	11.9602	417.092	172.399	12.516	332.004	0	25.4758	0	0	0	0	13.7729	8.26375	19.2821	13.7731	13.7737	13.7751	-99.99	13.7752	13.7831	13.785	13.78	13.7711	13.7306	13.6051	-99.99	0.523787
setup	0	2023-08-27 23:00:00	11.9616	417.871	171.13	12.1785	331.228	0	29.6428	0	0	0	0	13.6315	8.1789	19.0841	13.6316	13.6325	13.6345	-99.99	13.6345	13.6464	13.6514	13.6509	13.645	13.6116	13.4985	-99.99	0.514587
setup	0	2023-08-28 23:00:00	11.9631	418.64	169.848	11.8554	330.444	0	42.6297	0	0	0	0	13.4884	8.09306	18.8838	13.4885	13.4888	13.4895	-99.99	13.4895	13.5032	13.51	13.5132	13.5104	13.4858	13.3876	-99.99	0.50527
setup	0	2023-08-29 23:00:00	11.9645	419.399	168.555	11.5478	329.653	0	46.5442	0	0	0	0	13.3437	8.00624	18.6812	13.3438	13.3449	13.3472	-99.99	13.3473	13.3646	13.3755	13.3841	13.3845	13.3662	13.2784	-99.99	0.496088
setup	0	2023-08-30 23:00:00	11.9659	420.146	167.25	11.2569	328.855	0	52.1371	0	0	0	0	13.1974	7.91846	18.4764	13.1975	13.1996	13.2044	-99.99	13.2045	13.2348	13.2541	13.2705	13.2723	13.2589	13.1767	-99.99	0.487035
setup	0	2023-08-31 23:00:00	11.9674	420.881	165.935	10.983	328.051	0	55.9703	0	0	0	0	13.0496	7.82977	18.2695	13.0497	13.051	13.054	-99.99	13.054	13.0822	13.1002	13.1192	13.1264	13.125	13.0647	-99.99	0.477712
setup	0	2023-09-01 23:00:00	11.9689	421.603	164.61	10.8004	327.241	0	60.0498	0	0	0	0	12.9003	7.74017	18.0604	12.9003	12.9024	12.907	-99.99	12.9071	12.9393	12.9609	12.9845	12.9942	12.9983	12.9481	-99.99	0.468586
setup	0	2023-09-02 23:00:00	11.9703	422.313	163.274	10.6441	326.424	0	60.7634	0	0	0	0	12.7495	7.64971	17.8493	12.7495	12.7519	12.7572	-99.99	12.7574	12.794	12.8185	12.8463	12.8588	12.8698	12.832	-99.99	0.459471
setup	0	2023-09-03 23:00:00	11.9718	423.008	161.929	10.4831	325.602	0	60.0184	0	0	0	0	12.5973	7.5584	17.6363	12.5973	12.5991	12.6031	-99.99	12.6032	12.6397	12.6663	12.6985	12.7145	12.7349	12.7125	-99.99	0.450245
setup	0	2023-09-04 23:00:00	11.9733	423.69	160.575	10.3183	324.774	0	59.2668	0	0	0	0	12.4438	7.46627	17.4213	12.4438	12.4471	12.4545	-99.99	12.4547	12.5046	12.5381	12.5767	12.5938	12.6181	12.6016	-99.99	0.441345
setup	0	2023-09-05 23:00:00	11.9748	424.357	159.212	10.1507	323.942	0	58.5089	0	0	0	0	12.2889	7.37335	17.2045	12.2889	12.2908	12.2952	-99.99	12.2953	12.3392	12.3738	12.4192	12.444	12.4843	12.4874	-99.99	0.432064
setup	0	2023-09-06 23:00:00	11.9763	425.008	157.84	9.98175	323.104	0	57.745	0	0	0	0	12.1328	7.27967	16.9859	12.1327	12.1362	12.1441	-99.99	12.1443	12.1992	12.2367	12.2837	12.3086	12.3496	12.363	-99.99	0.423259
setup	0	2023-09-07 23:00:00	11.9778	425.643	156.46	9.81204	322.262	0	56.9752	0	0	0	0	11.9754	7.18526	16.7656	11.9753	11.9791	11.9874	-99.99	11.9877	12.0463	12.087	12.1386	12.1665	12.215	12.241	-99.99	0.414319
setup	0	2023-09-08 23:00:00	11.9793	426.263	155.073	9.65586	321.416	0	56.1998	0	0	0	0	11.8169	7.09014	16.5436	11.8168	11.8199	11.8269	-99.99	11.8271	11.8836	11.9263	11.9828	12.0145	12.0731	12.1154	-99.99	0.405323
setup	0	2023-09-09 23:00:00	11.9808	426.865	153.678	9.51516	320.566	0	55.419	0	0	0	0	11.6572	6.99434	16.3201	11.6571	11.6611	11.6701	-99.99	11.6704	11.7353	11.7816	11.842	11.876	11.9393	11.991	-99.99	0.396554
setup	0	2023-09-10 23:00:00	11.9823	427.45	152.277	9.38919	319.712	0	54.6331	0	0	0	0	11.4965	6.89788	16.0951	11.4963	11.5006	11.51	-99.99	11.5103	11.5784	11.6275	11.6924	11.7296	11.8011	11.8668	-99.99	0.387764
setup	0	2023-09-11 23:00:00	11.9838	428.018	150.869	9.27727	318.855	0	53.8424	0	0	0	0	11.3347	6.80081	15.8686	11.3345	11.3379	11.3454	-99.99	11.3456	11.4134	11.465	11.5346	11.5754	11.6567	11.7381	-99.99	0.378872
setup	0	2023-09-12 23:00:00	11.9853	428.568	149.456	9.17882	317.995	0	53.047	0	0	0	0	11.1719	6.70315	15.6407	11.1718	11.177	11.1887	-99.99	11.1891	11.2714	11.329	11.4068	11.452	11.5357	11.6204	-99.99	0.370435
setup	0	2023-09-13 23:00:00	11.9868	429.099	148.037	9.09333	317.132	0	52.2472	0	0	0	0	11.0082	6.60492	15.4115	11.008	11.0122	11.0214	-99.99	11.0217	11.0993	11.1593	11.2401	11.2878	11.385	11.4927	-99.99	0.361652
setup	0	2023-09-14 23:00:00	11.9884	429.612	146.613	9.01394	316.267	0	51.4434	0	0	0	0	10.8436	6.50616	15.181	10.8434	10.8492	10.8621	-99.99	10.8625	10.9532	11.0171	11.1036	11.1548	11.2592	11.3696	-99.99	0.353339
setup	0	2023-09-15 23:00:00	11.9899	430.105	145.185	8.93406	315.399	0	50.6356	0	0	0	0	10.6781	6.40689	14.9494	10.678	10.6838	10.6967	-99.99	10.6971	10.7898	10.8569	10.9471	11.0004	11.1102	11.2407	-99.99	0.344875
setup	0	2023-09-16 23:00:00	11.9914	430.58	143.753	8.85375	314.53	0	49.8242	0	0	0	0	10.5119	6.30714	14.7167	10.5118	10.5175	10.5301	-99.99	10.5305	10.6244	10.6934	10.7874	10.8435	10.9614	11.1058	-99.99	0.336475
setup	0	2023-09-17 23:00:00	11.9929	431.034	142.317	8.77304	313.659	0	49.0094	0	0	0	0	10.3449	6.20695	14.4829	10.3448	10.3505	10.3633	-99.99	10.3637	10.4592	10.5312	10.6296	10.6887	10.8137	10.971	-99.99	0.328162
setup	0	2023-09-18 23:00:00	11.9945	431.469	140.878	8.69196	312.787	0	48.1915	0	0	0	0	10.1772	6.10634	14.2481	10.1771	10.1827	10.195	-99.99	10.1954	10.292	10.3667	10.4698	10.5322	10.6653	10.836	-99.99	0.319904
setup	0	2023-09-19 23:00:00	11.996	431.884	139.437	8.61055	311.913	0	47.3708	0	0	0	0	10.0089	6.00534	14.0125	10.0088	10.0153	10.0298	-99.99	10.0302	10.1338	10.2114	10.3182	10.3827	10.5211	10.7023	-99.99	0.311889
setup	0	2023-09-20 23:00:00	11.9975	432.278	137.993	8.52885	311.039	0	46.5474	0	0	0	0	9.83998	5.90399	13.776	9.83995	9.84709	9.863	-99.99	9.86349	9.97666	10.0586	10.173	10.2429	10.3872	10.5762	-99.99	0.303945
setup	0	2023-09-21 23:00:00	11.9991	432.652	136.548	8.44691	310.164	0	45.7217	0	0	0	0	9.67052	5.80231	13.5387	9.67052	9.67734	9.69252	-99.99	9.693	9.80705	9.89122	10.0079	10.079	10.2338	10.4426	-99.99	0.295961
setup	0	2023-09-22 23:00:00	12.0006	433.005	135.102	8.36465	309.289	0	44.8939	0	0	0	0	9.50055	5.70033	13.3008	9.5006	9.50724	9.52204	-99.99	9.52251	9.63707	9.72405	9.84534	9.91962	10.0819	10.3038	-99.99	0.28807
setup	0	2023-09-23 23:00:00	12.0021	433.338	133.655	8.28197	308.414	0	44.0643	0	0	0	0	9.33015	5.59809	13.0622	9.33022	9.33771	9.35438	-99.99	9.3549	9.4746	9.56438	9.68938	9.76598	9.93396	10.1667	-99.99	0.280406
setup	0	2023-09-24 23:00:00	12.0036	433.65	132.208	8.19893	307.539	0	43.2331	0	0	0	0	9.15935	5.49561	12.8231	9.15945	9.16689	9.18348	-99.99	9.184	9.30821	9.40043	9.52927	9.60865	9.78407	10.03	-99.99	0.272749
setup	0	2023-09-25 23:00:00	12.0052	433.941	130.761	8.1155	306.665	0	42.4006	0	0	0	0	8.9882	5.39292	12.5835	8.98832	8.99635	9.01422	-99.99	9.01478	9.14306	9.23879	9.37244	9.4547	9.63667	9.89421	-99.99	0.265251
setup	0	2023-09-26 23:00:00	12.0067	434.211	129.316	8.03171	305.792	0	41.567	0	0	0	0	8.81676	5.29006	12.3435	8.8169	8.82526	8.84386	-99.99	8.84445	8.97764	9.07628	9.21411	9.29911	9.48798	9.75796	-99.99	0.257836
setup	0	2023-09-27 23:00:00	12.0082	434.46	127.872	7.9476	304.92	0	40.7327	0	0	0	0	8.64508	5.18705	12.1031	8.64523	8.65384	8.67302	-99.99	8.67362	8.81097	8.91257	9.05481	9.14271	9.33872	9.62125	-99.99	0.250514
setup	0	2023-09-28 23:00:00	12.0098	434.688	126.43	7.86323	304.049	0	39.8978	0	0	0	0	8.47321	5.08393	11.8625	8.47337	8.48221	8.50192	-99.99	8.50254	8.64378	8.74831	8.89495	8.98577	9.18898	9.48402	-99.99	0.243292
setup	0	2023-09-29 23:00:00	12.0113	434.895	124.99	7.77863	303.18	0	39.0627	0	0	0	0	8.3012	4.98072	11.6217	8.30136	8.31043	8.33064	-99.99	8.33127	8.47626	8.58371	8.73474	8.82847	9.03883	9.34634	-99.99	0.236174
setup	0	2023-09-30 23:00:00	12.0128	435.081	123.553	7.69385	302.313	0	38.2275	0	0	0	0	8.1291	4.87746	11.3807	8.12925	8.13854	8.15924	-99.99	8.15989	8.30854	8.41889	8.57428	8.67089	8.88837	9.20829	-99.99	0.22916
setup	0	2023-10-01 23:00:00	12.0143	435.247	122.12	7.60894	301.448	0	37.3927	0	0	0	0	7.95696	4.77418	11.1398	7.95711	7.96657	7.98766	-99.99	7.98832	8.14136	8.25449	8.41387	8.51324	8.7377	9.06993	-99.99	0.222247
setup	0	2023-10-02 23:00:00	12.0158	435.392	120.69	7.52392	300.585	0	36.5583	0	0	0	0	7.78484	4.6709	10.8988	7.78497	7.79477	7.81658	-99.99	7.81726	7.97412	8.0897	8.25348	8.3559	8.5876	8.93206	-99.99	0.215456
setup	0	2023-10-03 23:00:00	12.0174	435.516	119.265	7.43886	299.725	0	35.7248	0	0	0	0	7.61278	4.56767	10.6579	7.6129	7.62294	7.64531	-99.99	7.64601	7.80687	7.92527	8.09303	8.19809	8.43658	8.79321	-99.99	0.208767
setup	0	2023-10-04 23:00:00	12.0189	435.62	117.846	7.3538	298.868	0	34.8922	0	0	0	0	7.44083	4.4645	10.4172	7.44094	7.4512	7.47407	-99.99	7.47479	7.63926	7.76042	7.93234	8.04019	8.28557	8.6543	-99.99	0.202184
setup	0	2023-10-05 23:00:00	12.0204	435.704	116.431	7.26878	298.014	0	34.061	0	0	0	0	7.26905	4.36143	10.1767	7.26914	7.27913	7.30136	-99.99	7.30206	7.46695	7.59071	7.76709	7.87811	8.13161	8.51391	-99.99	0.195661
setup	0	2023-10-06 23:00:00	12.0219	435.768	115.023	7.18384	297.163	0	33.2314	0	0	0	0	7.09748	4.25849	9.93648	7.09756	7.10795	7.13107	-99.99	7.1318	7.30116	7.42766	7.6078	7.72128	7.98071	8.37385	-99.99	0.189312
setup	0	2023-10-07 23:00:00	12.0234	435.812	113.621	7.09905	296.316	0	32.4036	0	0	0	0	6.92619	4.15571	9.69666	6.92625	6.9369	6.96062	-99.99	6.96137	7.13459	7.2637	7.44769	7.56372	7.82965	8.23449	-99.99	0.183063
setup	0	2023-10-08 23:00:00	12.0249	435.837	112.227	7.0145	295.472	0	31.5779	0	0	0	0	6.75521	4.05312	9.45729	6.75525	6.76613	6.79037	-99.99	6.79113	6.96795	7.09969	7.28763	7.4063	7.67882	8.09536	-99.99	0.17692
setup	0	2023-10-09 23:00:00	12.0264	435.843	110.839	6.93018	294.633	0	30.7546	0	0	0	0	6.5846	3.95076	9.21844	6.58463	6.59485	6.61763	-99.99	6.61835	6.79209	6.92597	7.11868	7.24106	7.52296	7.95411	-99.99	0.170792
setup	0	2023-10-10 23:00:00	12.0278	435.829	109.46	6.84612	293.798	0	29.9339	0	0	0	0	6.41441	3.84864	8.98017	6.41442	6.42554	6.4503	-99.99	6.45108	6.63289	6.76912	6.96415	7.08778	7.37359	7.81371	-99.99	0.164934
setup	0	2023-10-11 23:00:00	12.0293	435.798	108.09	6.76239	292.967	0	29.116	0	0	0	0	6.24469	3.74681	8.74256	6.24468	6.25612	6.28159	-99.99	6.28239	6.46854	6.60745	6.80619	6.93216	7.22386	7.67514	-99.99	0.159133
setup	0	2023-10-12 23:00:00	12.0308	435.748	106.728	6.67901	292.142	0	28.3013	0	0	0	0	6.07548	3.64529	8.50568	6.07547	6.08634	6.11055	-99.99	6.11131	6.29495	6.43603	6.63943	6.76893	7.06956	7.5349	-99.99	0.153348
setup	0	2023-10-13 23:00:00	12.0323	435.68	105.376	6.59603	291.321	0	27.49	0	0	0	0	5.90685	3.54411	8.26959	5.90682	5.91857	5.94473	-99.99	5.94555	6.13719	6.2806	6.48632	6.61711	6.92119	7.39528	-99.99	0.14782
setup	0	2023-10-14 23:00:00	12.0337	435.595	104.034	6.5135	290.505	0	26.6824	0	0	0	0	5.73884	3.44331	8.03438	5.7388	5.75024	5.77571	-99.99	5.77651	5.96838	6.1143	6.32424	6.45797	6.76941	7.2561	-99.99	0.142283
setup	0	2023-10-15 23:00:00	12.0352	435.492	102.702	6.43145	289.695	0	25.8786	0	0	0	0	5.5715	3.3429	7.8001	5.57145	5.58361	5.61071	-99.99	5.61156	5.80775	5.95623	6.16948	6.30519	6.62135	7.11758	-99.99	0.136956
setup	0	2023-10-16 23:00:00	12.0366	435.374	101.381	6.34993	288.89	0	25.079	0	0	0	0	5.40488	3.24293	7.56683	5.40482	5.41648	5.44247	-99.99	5.44328	5.63751	5.78862	6.00638	6.14525	6.46925	6.97846	-99.99	0.131618
setup	0	2023-10-17 23:00:00	12.038	435.239	100.071	6.26899	288.091	0	24.2839	0	0	0	0	5.23903	3.14342	7.33464	5.23896	5.25149	5.27941	-99.99	5.28029	5.48166	5.63425	5.85409	5.99437	6.32199	6.83979	-99.99	0.126526
setup	0	2023-10-18 23:00:00	12.0395	435.088	98.7738	6.18866	287.298	0	23.4934	0	0	0	0	5.074	3.0444	7.1036	5.07392	5.0868	5.11549	-99.99	5.11639	5.32306	5.47813	5.70112	5.8433	6.17584	6.70339	-99.99	0.121492
setup	0	2023-10-19 23:00:00	12.0409	434.922	97.4884	6.10898	286.511	0	22.7078	0	0	0	0	4.90983	2.9459	6.87376	4.90975	4.92286	4.95205	-99.99	4.95296	5.16339	5.32088	5.54743	5.69192	6.03011	6.56789	-99.99	0.116553
setup	0	2023-10-20 23:00:00	12.0423	434.742	96.2158	6.03	285.731	0	21.9275	0	0	0	0	4.74658	2.84795	6.64521	4.7465	4.75911	4.78719	-99.99	4.78807	4.99668	5.157	5.38801	5.53559	5.88135	6.43131	-99.99	0.111649
setup	0	2023-10-21 23:00:00	12.0437	434.548	94.9562	5.95175	284.957	0	21.1525	0	0	0	0	4.58429	2.75058	6.41801	4.58422	4.59795	4.62854	-99.99	4.6295	4.84969	5.0127	5.24691	5.39623	5.74325	6.29832	-99.99	0.107008
setup	0	2023-10-22 23:00:00	12.0451	434.34	93.7102	5.87426	284.19	0	20.3832	0	0	0	0	4.42302	2.65381	6.19222	4.42294	4.43584	4.46457	-99.99	4.46547	4.68114	4.84686	5.08496	5.23703	5.59364	6.16361	-99.99	0.102282
setup	0	2023-10-23 23:00:00	12.0465	434.119	92.4782	5.79759	283.43	0	19.6199	0	0	0	0	4.2628	2.55768	5.96792	4.26274	4.27644	4.30698	-99.99	4.30794	4.52864	4.6953	4.93517	5.0885	5.44864	6.02658	-99.99	0.0978151
setup	0	2023-10-24 23:00:00	12.0478	433.885	91.2606	5.72176	282.677	0	18.8627	0	0	0	0	4.1037	2.46222	5.74517	4.10364	4.1176	4.14871	-99.99	4.14968	4.37398	4.54209	4.78475	4.94004	5.30526	5.89268	-99.99	0.0934002
setup	0	2023-10-25 23:00:00	12.0492	433.64	90.0578	5.64682	281.931	0	18.112	0	0	0	0	3.94574	2.36745	5.52404	3.94569	3.95986	3.99143	-99.99	3.99242	4.22008	4.39009	4.63556	4.79274	5.16288	5.7597	-99.99	0.0890825
setup	0	2023-10-26 23:00:00	12.0505	433.383	88.8702	5.57278	281.193	0	17.3679	0	0	0	0	3.78899	2.27339	5.30459	3.78895	3.8033	3.83525	-99.99	3.83626	4.06684	4.2388	4.48719	4.64633	5.02149	5.62765	-99.99	0.0848625
setup	0	2023-10-27 23:00:00	12.0519	433.115	87.6982	5.4997	280.462	0	16.6307	0	0	0	0	3.63349	2.18009	5.08688	3.63346	3.64717	3.6777	-99.99	3.67866	3.90614	4.0811	4.33382	4.49584	4.87783	5.49498	-99.99	0.0806675
setup	0	2023-10-28 23:00:00	12.0532	432.838	86.542	5.4276	279.74	0	15.9006	0	0	0	0	3.47928	2.08757	4.87099	3.47927	3.49367	3.52576	-99.99	3.52677	3.75868	3.93458	4.18882	4.35198	4.73749	5.36251	-99.99	0.0766916
setup	0	2023-10-29 23:00:00	12.0545	432.551	85.4022	5.35652	279.025	0	15.178	0	0	0	0	3.32641	1.99584	4.65697	3.32641	3.34108	3.37376	-99.99	3.37478	3.61062	3.78781	4.04442	4.20927	4.59925	5.23284	-99.99	0.0727748
setup	0	2023-10-30 23:00:00	12.0558	432.255	84.2791	5.28647	278.318	0	14.463	0	0	0	0	3.17492	1.90495	4.44489	3.17495	3.18982	3.22296	-99.99	3.22399	3.46319	3.64208	3.90126	4.06787	4.46241	5.10464	-99.99	0.0689486
setup	0	2023-10-31 23:00:00	12.0571	431.951	83.1729	5.21739	277.62	0	13.7558	0	0	0	0	3.02487	1.81492	4.23481	3.02491	3.03995	3.07345	-99.99	3.0745	3.31646	3.49709	3.75892	3.92731	4.32643	4.97726	-99.99	0.0652135
setup	0	2023-11-01 23:00:00	12.0583	431.64	82.0841	5.14924	276.93	0	13.0567	0	0	0	0	2.87629	1.72577	4.0268	2.87634	2.89152	2.92536	-99.99	2.92642	3.17086	3.35319	3.61761	3.78777	4.19142	4.85069	-99.99	0.0615702
setup	0	2023-11-02 23:00:00	12.0596	431.322	81.013	5.08204	276.249	0	12.366	0	0	0	0	2.72922	1.63753	3.82091	2.72928	2.74461	2.77875	-99.99	2.77982	3.02655	3.21052	3.47746	3.64935	4.05743	4.72498	-99.99	0.0580181
setup	0	2023-11-03 23:00:00	12.0608	430.997	79.9599	5.01583	275.576	0	11.6838	0	0	0	0	2.58372	1.55023	3.61721	2.58379	2.59924	2.63367	-99.99	2.63475	2.88365	3.06919	3.33859	3.51216	3.92456	4.6002	-99.99	0.0545564
setup	0	2023-11-04 23:00:00	12.0621	430.667	78.925	4.95063	274.913	0	11.0105	0	0	0	0	2.43983	1.4639	3.41576	2.43989	2.45547	2.49018	-99.99	2.49126	2.74222	2.92929	3.20108	3.37627	3.79286	4.47642	-99.99	0.0511839
setup	0	2023-11-05 23:00:00	12.0633	430.332	77.9087	4.88649	274.258	0	10.3462	0	0	0	0	2.29758	1.37855	3.21661	2.29765	2.31285	2.34672	-99.99	2.34778	2.59684	2.78596	3.06101	3.23841	3.66036	4.35283	-99.99	0.0478578
setup	0	2023-11-06 23:00:00	12.0645	429.993	76.9113	4.82342	273.613	0	9.69112	0	0	0	0	2.15702	1.29421	3.01983	2.15709	2.1723	2.20619	-99.99	2.20725	2.4559	2.64644	2.92348	3.10237	3.5284	4.22888	-99.99	0.0446513
setup	0	2023-11-07 23:00:00	12.0656	429.65	75.933	4.76146	272.977	0	9.04561	0	0	0	0	2.01819	1.21091	2.82547	2.01826	2.03426	2.06989	-99.99	2.07101	2.32872	2.51997	2.7976	2.97706	3.40394	4.1077	-99.99	0.0415964
setup	0	2023-11-08 23:00:00	12.0668	429.305	74.9741	4.70062	272.35	0	8.40985	0	0	0	0	1.88114	1.12868	2.63359	1.8812	1.89731	1.93318	-99.99	1.93431	2.19395	2.38621	2.66546	2.84588	3.27663	3.99024	-99.99	0.0385689
setup	0	2023-11-09 23:00:00	12.0679	428.957	74.0349	4.64095	271.734	0	7.7841	0	0	0	0	1.74589	1.04754	2.44425	1.74596	1.76215	1.79821	-99.99	1.79935	2.06128	2.25562	2.53813	2.72062	3.15385	3.87219	-99.99	0.0356232
setup	0	2023-11-10 23:00:00	12.0691	428.608	73.1156	4.58245	271.126	0	7.16858	0	0	0	0	1.61251	0.967503	2.25751	1.61257	1.62885	1.66512	-99.99	1.66626	1.92981	2.12544	2.41007	2.59335	3.03069	3.7565	-99.99	0.0327603
setup	0	2023-11-11 23:00:00	12.0702	428.257	72.2164	4.52516	270.529	0	6.56357	0	0	0	0	1.48101	0.888606	2.07341	1.48107	1.49726	1.53332	-99.99	1.53445	1.79763	1.99422	2.28013	2.46519	2.90711	3.64136	-99.99	0.0299633
setup	0	2023-11-12 23:00:00	12.0712	427.907	71.3376	4.46909	269.942	0	5.96931	0	0	0	0	1.35145	0.810868	1.89202	1.3515	1.36794	1.40457	-99.99	1.40572	1.67111	1.8681	2.15489	2.34065	2.78573	3.52659	-99.99	0.0272734
setup	0	2023-11-13 23:00:00	12.0723	427.557	70.4794	4.41427	269.364	0	5.38607	0	0	0	0	1.22385	0.734311	1.71339	1.2239	1.24021	1.27655	-99.99	1.27769	1.54326	1.74139	2.03025	2.21739	2.66585	3.41311	-99.99	0.0246314
setup	0	2023-11-14 23:00:00	12.0734	427.208	69.6419	4.36072	268.797	0	4.81415	0	0	0	0	1.09827	0.65896	1.53757	1.09831	1.11492	1.15192	-99.99	1.15308	1.42156	1.62091	1.91154	2.0999	2.54973	3.30084	-99.99	0.0221005
setup	0	2023-11-15 23:00:00	12.0744	426.861	68.8254	4.30846	268.24	0	4.25384	0	0	0	0	0.974725	0.584835	1.36462	0.974767	0.991442	1.02859	-99.99	1.02975	1.29883	1.49828	1.78963	1.97873	2.43298	3.19199	-99.99	0.0196268
setup	0	2023-11-16 23:00:00	12.0754	426.517	68.03	4.2575	267.694	0	3.70549	0	0	0	0	0.853266	0.51196	1.19457	0.853304	0.870036	0.907304	-99.99	0.908474	1.17849	1.37873	1.67148	1.86159	2.31853	3.08322	-99.99	0.0172269
setup	0	2023-11-17 23:00:00	12.0764	426.175	67.256	4.20787	267.158	0	3.16947	0	0	0	0	0.733925	0.440355	1.02749	0.733959	0.750753	0.788161	-99.99	0.789335	1.06038	1.2614	1.55547	1.74651	2.20595	2.97597	-99.99	0.0149007
setup	0	2023-11-18 23:00:00	12.0773	425.837	66.5035	4.15958	266.633	0	2.64622	0	0	0	0	0.616736	0.370042	0.863431	0.616768	0.63353	0.670865	-99.99	0.672037	0.943572	1.14546	1.44091	1.63292	2.09496	2.87026	-99.99	0.0126393
setup	0	2023-11-19 23:00:00	12.0783	425.503	65.7727	4.11264	266.118	0	2.13631	0	0	0	0	0.501736	0.301042	0.70243	0.501765	0.518488	0.555736	-99.99	0.556905	0.828702	1.0313	1.32797	1.52088	1.9854	2.76586	-99.99	0.0104482
setup	0	2023-11-20 23:00:00	12.0792	425.175	65.0636	4.06708	265.615	0	1.64045	0	0	0	0	0.388957	0.233374	0.54454	0.388984	0.405836	0.443372	-99.99	0.44455	0.718024	0.921862	1.21929	1.41286	1.87854	2.66232	-99.99	0.00833939
setup	0	2023-11-21 23:00:00	12.0801	424.852	64.3765	4.02289	265.122	0	1.15972	0	0	0	0	0.278434	0.16706	0.389808	0.278459	0.294935	0.331634	-99.99	0.332786	0.602322	0.807344	1.10769	1.30256	1.77177	2.56147	-99.99	0.00626111
setup	0	2023-11-22 23:00:00	12.0809	424.535	63.7115	3.98011	264.64	0	0.69595	0	0	0	0	0.170199	0.102119	0.238279	0.170223	0.186725	0.223484	-99.99	0.224637	0.493103	0.698054	0.998648	1.19423	1.66577	2.46034	-99.99	0.00428025
setup	0	2023-11-23 23:00:00	12.0818	424.224	63.0687	3.93873	264.17	0	0.253423	0	0	0	0	0.0642839	0.0385703	0.0899975	0.0643069	0.0808078	0.117562	-99.99	0.118716	0.387007	0.59226	0.893174	1.08922	1.56236	2.36084	-99.99	0.00236328
setup	0	2023-11-24 23:00:00	12.0826	423.921	62.4482	3.89877	263.673	0	0	0	0	0	0	-0.0392796	-0.0549915	-0.0235678	-0.0392564	-0.0225005	0.0148218	-99.99	0.015993	0.286352	0.490707	0.790808	0.986697	1.46087	2.26327	-99.99	0.00215846
setup	0	2023-11-25 23:00:00	12.0834	423.626	61.8501	3.86024	263.131	0	0	0	0	0	0	-0.140461	-0.196645	-0.0842766	-0.140437	-0.122979	-0.0840923	-99.99	-0.082872	0.189809	0.392974	0.691807	0.887319	1.36185	2.16777	-99.99	0.00423019
setup	0	2023-11-26 23:00:00	12.0842	423.339	61.2746	3.82314	262.604	0	0	0	0	0	0	-0.23923	-0.334922	-0.143538	-0.239205	-0.220329	-0.178285	-99.99	-0.176966	0.102074	0.304363	0.60198	0.796779	1.27025	2.07718	-99.99	0.00626109
setup	0	2023-11-27 23:00:00	12.0849	423.06	60.7216	3.7875	262.09	0	0	0	0	0	0	-0.335558	-0.469781	-0.201335	-0.335532	-0.315528	-0.270971	-99.99	-0.269573	0.0242335	0.221247	0.517729	0.711952	1.18465	1.99255	-99.99	0.00818885
setup	0	2023-11-28 23:00:00	12.0856	422.791	60.1914	3.75331	261.592	0	0	0	0	0	0	-0.429415	-0.601182	-0.257649	-0.42939	-0.408511	-0.362005	-99.99	-0.360545	-0.0239454	0.143018	0.438466	0.63217	1.10416	1.91287	-99.99	0.0100192
setup	0	2023-11-29 23:00:00	12.0863	422.532	59.684	3.72057	261.108	0	0	0	0	0	0	-0.520775	-0.729085	-0.312465	-0.52075	-0.499194	-0.45118	-99.99	-0.449673	-0.0875678	0.0699967	0.364116	0.557196	1.02836	1.8375	-99.99	0.011759
setup	0	2023-11-30 23:00:00	12.087	422.284	59.1994	3.68931	260.638	0	0	0	0	0	0	-0.60961	-0.853454	-0.365766	-0.609586	-0.587357	-0.537843	-99.99	-0.536289	-0.157021	0.0109142	0.295518	0.487971	0.957952	1.76691	-99.99	0.0134262
setup	0	2023-12-01 23:00:00	12.0876	422.046	58.7378	3.65952	260.183	0	0	0	0	0	0	-0.695894	-0.974251	-0.417536	-0.695889	-0.685995	-0.663955	-99.99	-0.663264	-0.206134	-0.0106036	0.247317	0.435037	0.897922	1.70278	-99.99	0.0140005
setup	0	2023-12-02 23:00:00	12.0883	421.819	58.2992	3.63121	259.743	0	0	0	0	0	0	-0.779601	-1.09144	-0.467761	-0.779598	-0.769393	-0.746664	-99.99	-0.74595	-0.256615	-0.0402762	0.204963	0.392303	0.852307	1.65277	-99.99	0.0155074
setup	0	2023-12-03 23:00:00	12.0888	421.604	57.8836	3.60438	259.318	0	0	0	0	0	0	-0.860706	-1.20499	-0.516424	-0.860699	-0.845626	-0.812051	-99.99	-0.810997	-0.271228	-0.0717116	0.178274	0.360215	0.812435	1.60783	-99.99	0.0173009
setup	0	2023-12-04 23:00:00	12.0894	421.401	57.4912	3.57904	258.907	0	0	0	0	0	0	-0.939186	-1.31486	-0.563512	-0.939178	-0.921886	-0.883369	-99.99	-0.882161	-0.303865	-0.1042	0.155331	0.337494	0.787061	1.57681	-99.99	0.01882
setup	0	2023-12-05 23:00:00	12.0899	421.21	57.1219	3.55519	258.511	0	0	0	0	0	0	-1.01502	-1.42102	-0.60901	-1.01501	-0.996656	-0.955773	-99.99	-0.95449	-0.341564	-0.13745	0.122773	0.305457	0.755793	1.54536	-99.99	0.0201862
setup	0	2023-12-06 23:00:00	12.0904	421.032	56.7759	3.53284	258.13	0	0	0	0	0	0	-1.08818	-1.52345	-0.652906	-1.08816	-1.06063	-0.999315	-0.399946	-0.997391	-0.279515	-0.112199	0.13383	0.304829	0.738315	1.51646	-99.99	0.0221077
setup	0	2023-12-07 23:00:00	12.0909	420.867	56.4531	3.51198	257.764	0	0	0	0	0	0	-1.15864	-1.6221	-0.695186	-1.15862	-1.12295	-1.04351	-0.408515	-1.04102	-0.207015	-0.049122	0.195777	0.360288	0.774701	1.52826	-99.99	0.0238817
setup	0	2023-12-08 23:00:00	12.0913	420.716	56.1535	3.53762	257.412	0	0	0	0	0	0	-1.2264	-1.71695	-0.735837	-1.22636	-1.17998	-1.07667	-0.098683	-1.07343	-0.0228053	0.103615	0.309324	0.454354	0.836576	1.56277	-99.99	0.0257892
setup	0	2023-12-09 23:00:00	12.0917	420.578	55.8773	3.51955	257.075	0	0	0	0	0	0	-1.29141	-1.80798	-0.774848	-1.29136	-1.23115	-1.09704	-0.0183138	-1.09283	0.152088	0.277883	0.473593	0.609148	0.965187	1.65562	-99.99	0.0278683
setup	0	2023-12-10 23:00:00	12.0921	420.454	55.6245	3.50299	256.753	0	0	0	0	0	0	-1.35368	-1.89515	-0.812208	-1.35362	-1.28726	-1.13944	0.0220912	-1.13481	0.2259	0.360842	0.567213	0.70784	1.07013	1.75688	-99.99	0.0293073
setup	0	2023-12-11 23:00:00	12.0925	420.345	55.3951	3.48797	256.446	0	0	0	0	0	0	-1.41317	-1.97844	-0.847904	-1.4131	-1.33817	-1.17125	0.277047	-1.16601	0.403292	0.516135	0.69825	0.827286	1.17128	1.84046	-99.99	0.0308655
setup	0	2023-12-12 23:00:00	12.0928	420.25	55.189	3.47446	256.154	0	0	0	0	0	0	-1.46988	-2.05783	-0.881927	-1.46979	-1.38065	-1.1821	0.403957	-1.17587	0.585333	0.694787	0.867961	0.989534	1.31352	1.95379	-99.99	0.0327938
setup	0	2023-12-13 23:00:00	12.0931	420.169	55.0064	3.46248	255.877	0	0	0	0	0	0	-1.52378	-2.13329	-0.914265	-1.52368	-1.42589	-1.20806	0.497227	-1.20122	0.707701	0.820936	0.997713	1.12039	1.44327	2.07316	-99.99	0.03425
setup	0	2023-12-14 23:00:00	12.0934	420.104	54.8473	3.45203	255.615	0	0	0	0	0	0	-1.57485	-2.20479	-0.944911	-1.57475	-1.47004	-1.23683	0.567163	-1.22951	0.801663	0.919229	1.10098	1.22596	1.55128	2.17593	-99.99	0.0355221
setup	0	2023-12-15 23:00:00	12.0936	420.053	54.7116	3.44311	255.367	0	0	0	0	0	0	-1.62309	-2.27233	-0.973854	-1.62298	-1.5126	-1.26673	0.620668	-1.25901	0.874609	0.99611	1.18258	1.3099	1.63821	2.25937	-99.99	0.0366506
setup	0	2023-12-16 23:00:00	12.0938	420.018	54.5994	3.48144	255.135	0	0	0	0	0	0	-1.66848	-2.33587	-1.00109	-1.66838	-1.56506	-1.33491	1.06623	-1.32769	1.16556	1.23592	1.36578	1.46592	1.75177	2.33921	-99.99	0.0367389
setup	0	2023-12-17 23:00:00	12.094	419.998	54.5108	3.4755	254.917	0	0	0	0	0	0	-1.711	-2.3954	-1.0266	-1.71088	-1.58995	-1.3206	1.3723	-1.31215	1.55169	1.60093	1.69401	1.76854	1.99503	2.51262	-99.99	0.0386537
setup	0	2023-12-18 23:00:00	12.0941	419.993	54.4456	3.47111	254.715	0	0	0	0	0	0	-1.75065	-2.4509	-1.05039	-1.7505	-1.61386	-1.30949	1.63134	-1.29994	1.83724	1.88465	1.97238	2.0419	2.25241	2.73924	-99.99	0.040381
setup	0	2023-12-19 23:00:00	12.0942	420.004	54.404	3.46827	254.527	0	0	0	0	0	0	-1.7874	-2.50236	-1.07244	-1.78724	-1.63499	-1.29588	1.86816	-1.28523	2.09303	2.14006	2.22594	2.29338	2.49611	2.96253	-99.99	0.0420514
setup	0	2023-12-20 23:00:00	12.0943	420.03	54.3859	3.46698	254.355	0	0	0	0	0	0	-1.82126	-2.54976	-1.09275	-1.82107	-1.65399	-1.28183	2.08824	-1.27015	2.32992	2.37685	2.46152	2.52745	2.72407	3.17275	-99.99	0.0436182
setup	0	2023-12-21 23:00:00	12.0943	420.072	54.3913	3.46724	254.197	0	0	0	0	0	0	-1.8522	-2.59308	-1.11132	-1.852	-1.67104	-1.26798	2.29341	-1.25533	2.55062	2.5975	2.68111	2.7457	2.93681	3.3691	-99.99	0.0450684
setup	0	2023-12-22 23:00:00	12.0943	420.129	54.4203	3.46904	254.054	0	0	0	0	0	0	-1.88023	-2.63232	-1.12814	-1.88001	-1.68615	-1.25433	2.4848	-1.24078	2.75643	2.80326	2.88589	2.94924	3.13522	3.55219	-99.99	0.0464027
setup	0	2023-12-23 23:00:00	12.0943	420.201	54.4729	3.4724	253.927	0	0	0	0	0	0	-1.90532	-2.66745	-1.14319	-1.90509	-1.69925	-1.24077	2.66334	-1.22638	2.94837	2.99514	3.07686	3.13903	3.3202	3.72285	-99.99	0.0476252
setup	0	2023-12-24 23:00:00	12.0943	420.289	54.549	3.47731	253.814	0	0	0	0	0	0	-1.92749	-2.69848	-1.15649	-1.92724	-1.71031	-1.22712	2.82987	-1.21196	3.12735	3.17406	3.25491	3.31599	3.49265	3.88187	-99.99	0.0487405
setup	0	2023-12-25 23:00:00	12.0942	420.392	54.6486	3.48377	253.716	0	0	0	0	0	0	-1.94671	-2.72539	-1.16802	-1.94645	-1.71927	-1.21325	2.98521	-1.19737	3.29423	3.34088	3.42091	3.48095	3.65337	4.03001	-99.99	0.0497529
setup	0	2023-12-26 23:00:00	12.0941	420.511	54.7718	3.49178	253.634	0	0	0	0	0	0	-1.96298	-2.74817	-1.17779	-1.96271	-1.72607	-1.19898	3.1301	-1.18244	3.4498	3.49638	3.57563	3.63469	3.80314	4.16799	-99.99	0.0506665
setup	0	2023-12-27 23:00:00	12.0939	420.644	54.9186	3.50134	253.566	0	0	0	0	0	0	-1.9763	-2.76682	-1.18578	-1.97602	-1.73067	-1.1842	3.26524	-1.16705	3.59481	3.64132	3.71982	3.77797	3.94267	4.29647	-99.99	0.0514852
setup	0	2023-12-28 23:00:00	12.0937	420.793	55.0889	3.51246	253.514	0	0	0	0	0	0	-1.98667	-2.78134	-1.192	-1.98637	-1.73303	-1.16875	3.3913	-1.15104	3.72997	3.7764	3.85419	3.91146	4.07265	4.41608	-99.99	0.0522126
setup	0	2023-12-29 23:00:00	12.0935	420.956	55.2827	3.52512	253.476	0	0	0	0	0	0	-1.99407	-2.7917	-1.19644	-1.99376	-1.73311	-1.15253	3.50888	-1.13431	3.85592	3.90227	3.97938	4.03583	4.19371	4.52741	-99.99	0.052852
setup	0	2023-12-30 23:00:00	12.0933	421.133	55.5001	3.53933	253.453	0	0	0	0	0	0	-1.99852	-2.79793	-1.19911	-1.9982	-1.73087	-1.1354	3.61858	-1.11672	3.97329	4.01955	4.096	4.15167	4.30644	4.631	-99.99	0.0534064
setup	0	2023-12-31 23:00:00	12.093	421.325	55.741	3.5551	253.446	0	0	0	0	0	0	-2	-2.8	-1.2	-1.99967	-1.72626	-1.11728	3.72092	-1.09817	4.08265	4.12881	4.20464	4.25957	4.41139	4.72739	-99.99	0.0538786
setup	0	2024-01-01 23:00:00	12.0927	421.531	56.0046	3.57237	253.453	0	0	0	0	0	0	-1.99853	-2.79794	-1.19912	-1.99819	-1.71928	-1.09805	3.81643	-1.07855	4.18456	4.23061	4.30583	4.36006	4.5091	4.81704	-99.99	0.0542714
setup	0	2024-01-02 23:00:00	12.0924	421.75	56.2916	3.59118	253.476	0	0	0	0	0	0	-1.99411	-2.79175	-1.19646	-1.99376	-1.71003	-1.07805	3.92251	-1.05821	4.28923	4.33296	4.40513	4.45749	4.60203	4.90107	-99.99	0.0545757
setup	0	2024-01-03 23:00:00	12.092	421.983	56.6019	3.61153	253.513	0	0	0	0	0	0	-1.98674	-2.78144	-1.19204	-1.98639	-1.69852	-1.05731	4.01483	-1.03719	4.38965	4.43264	4.50304	4.55388	4.69387	4.98341	-99.99	0.0547943
setup	0	2024-01-04 23:00:00	12.0916	422.229	56.9355	3.63342	253.566	0	0	0	0	0	0	-1.97643	-2.76701	-1.18586	-1.97607	-1.68423	-1.03418	4.10029	-1.01378	4.48071	4.52351	4.59317	4.64325	4.78039	5.06234	-99.99	0.054964
setup	0	2024-01-05 23:00:00	12.0912	422.488	57.2924	3.65684	253.633	0	0	0	0	0	0	-1.96318	-2.74846	-1.17791	-1.96281	-1.66728	-1.009	4.1802	-0.988338	4.56531	4.60796	4.67702	4.72644	4.86113	5.1362	-99.99	0.0550767
setup	0	2024-01-06 23:00:00	12.0908	422.759	57.6726	3.68181	253.715	0	0	0	0	0	0	-1.947	-2.7258	-1.1682	-1.94662	-1.64777	-0.982098	4.25769	-0.961208	4.64573	4.68788	4.75598	4.80461	4.93671	5.20514	-99.99	0.0551242
setup	0	2024-01-07 23:00:00	12.0903	423.042	58.076	3.7083	253.812	0	0	0	0	0	0	-1.92788	-2.69904	-1.15673	-1.9275	-1.62574	-0.953601	4.32927	-0.932508	4.72127	4.76315	4.8305	4.8784	5.00801	5.26999	-99.99	0.055104
setup	0	2024-01-08 23:00:00	12.0898	423.337	58.5025	3.73633	253.924	0	0	0	0	0	0	-1.90584	-2.66818	-1.1435	-1.90545	-1.60113	-0.923278	4.39628	-0.902006	4.79145	4.83314	4.8999	4.94721	5.07465	5.33076	-99.99	0.0550211
setup	0	2024-01-09 23:00:00	12.0893	423.644	58.9522	3.76588	254.051	0	0	0	0	0	0	-1.88088	-2.63323	-1.12853	-1.88048	-1.57395	-0.891186	4.45916	-0.86976	4.857	4.8985	4.96469	5.01144	5.13686	5.38745	-99.99	0.0548737
setup	0	2024-01-10 23:00:00	12.0887	423.961	59.4249	3.79696	254.193	0	0	0	0	0	0	-1.85301	-2.59421	-1.1118	-1.85261	-1.54423	-0.857353	4.51822	-0.835797	4.91828	4.95958	5.02523	5.07143	5.19492	5.4403	-99.99	0.054661
setup	0	2024-01-11 23:00:00	12.0881	424.288	59.9206	3.82956	254.35	0	0	0	0	0	0	-1.82223	-2.55112	-1.09334	-1.82182	-1.51197	-0.821803	4.575	-0.800145	4.97631	5.01725	5.08217	5.12777	5.24927	5.48962	-99.99	0.0543815
setup	0	2024-01-12 23:00:00	12.0875	424.626	60.4394	3.86367	254.521	0	0	0	0	0	0	-1.78856	-2.50398	-1.07313	-1.78815	-1.47717	-0.784512	4.6279	-0.762775	5.03084	5.07152	5.13581	5.18083	5.30042	5.53591	-99.99	0.0540359
setup	0	2024-01-13 23:00:00	12.0868	424.973	60.981	3.89929	254.708	0	0	0	0	0	0	-1.752	-2.4528	-1.0512	-1.75159	-1.43981	-0.745345	4.67765	-0.723551	5.08172	5.12217	5.18591	5.23043	5.34829	5.57926	-99.99	0.0536263
setup	0	2024-01-14 23:00:00	12.0862	425.329	61.5454	3.93642	254.909	0	0	0	0	0	0	-1.71257	-2.3976	-1.02754	-1.71215	-1.39987	-0.704307	4.72455	-0.682479	5.12938	5.1696	5.23281	5.27684	5.39305	5.61974	-99.99	0.0531522
setup	0	2024-01-15 23:00:00	12.0855	425.693	62.1325	4.02911	255.126	0	0	0	0	0	0	-1.67028	-2.33839	-1.00217	-1.66985	-1.35764	-0.662218	4.79258	-0.640394	5.18722	5.22421	5.28355	5.32549	5.43757	5.65843	-99.99	0.0525916
setup	0	2024-01-16 23:00:00	12.0847	426.065	62.7424	4.06974	255.357	0	0	0	0	0	0	-1.62513	-2.27519	-0.975081	-1.62471	-1.31306	-0.618886	4.84701	-0.597102	5.24564	5.2815	5.33862	5.37889	5.48658	5.70029	-99.99	0.0519517
setup	0	2024-01-17 23:00:00	12.084	426.445	63.3747	4.11186	255.603	0	0	0	0	0	0	-1.57716	-2.20802	-0.946293	-1.57673	-1.26571	-0.572957	4.91128	-0.551217	5.30506	5.33873	5.39301	5.43159	5.53555	5.74324	-99.99	0.0512612
setup	0	2024-01-18 23:00:00	12.0832	426.831	64.0295	4.15548	255.864	0	0	0	0	0	0	-1.52635	-2.1369	-0.915812	-1.52592	-1.21582	-0.525092	4.96601	-0.503416	5.36271	5.39561	5.4483	5.48563	5.58614	5.78756	-99.99	0.0505054
setup	0	2024-01-19 23:00:00	12.0824	427.224	64.7067	4.20058	256.14	0	0	0	0	0	0	-1.47274	-2.06184	-0.883647	-1.47231	-1.163	-0.474031	5.0169	-0.45241	5.41454	5.44715	5.49917	5.53591	5.63444	5.83112	-99.99	0.0497129
setup	0	2024-01-20 23:00:00	12.0816	427.622	65.4061	4.24714	256.43	0	0	0	0	0	0	-1.41634	-1.98288	-0.849806	-1.41591	-1.10764	-0.421004	5.07812	-0.399456	5.47069	5.50129	5.55079	5.58607	5.68143	5.87283	-99.99	0.0488524
setup	0	2024-01-21 23:00:00	12.0807	428.025	66.1276	4.29517	256.735	0	0	0	0	0	0	-1.35717	-1.90004	-0.814301	-1.35673	-1.04993	-0.366542	5.13098	-0.345096	5.52568	5.55555	5.60355	5.63766	5.7298	5.91533	-99.99	0.0479116
setup	0	2024-01-22 23:00:00	12.0798	428.433	66.8711	4.34463	257.056	0	0	0	0	0	0	-1.29523	-1.81333	-0.777141	-1.2948	-0.989516	-0.309521	5.1867	-0.288181	5.57923	5.60792	5.65428	5.68733	5.77682	5.95732	-99.99	0.0469154
setup	0	2024-01-23 23:00:00	12.0789	428.844	67.6363	4.39553	257.391	0	0	0	0	0	0	-1.23056	-1.72279	-0.738337	-1.23013	-0.926723	-0.250914	5.24343	-0.229706	5.63447	5.66176	5.70606	5.73778	5.82406	5.99901	-99.99	0.0458395
setup	0	2024-01-24 23:00:00	12.078	429.258	68.4233	4.44784	257.74	0	0	0	0	0	0	-1.16317	-1.62844	-0.697901	-1.16274	-0.86151	-0.190556	5.29889	-0.1695	5.68938	5.7155	5.75799	5.78848	5.87165	6.04108	-99.99	0.0446845
setup	0	2024-01-25 23:00:00	12.0771	429.675	69.2317	4.50155	258.105	0	0	0	0	0	0	-1.09308	-1.53031	-0.655845	-1.09265	-0.793672	-0.127735	5.34925	-0.106837	5.74056	5.76625	5.80782	5.83754	5.91839	6.08294	-99.99	0.0434643
setup	0	2024-01-26 23:00:00	12.0761	430.094	70.0615	4.55665	258.484	0	0	0	0	0	0	-1.0203	-1.42842	-0.612181	-1.01987	-0.723362	-0.0629068	5.40482	-0.0421804	5.793	5.81726	5.85695	5.88553	5.96372	6.12347	-99.99	0.0421631
setup	0	2024-01-27 23:00:00	12.0751	430.514	70.9125	4.61311	258.878	0	0	0	0	0	0	-0.944871	-1.32282	-0.566922	-0.944447	-0.650722	0.00352392	5.45426	0.0240554	5.84344	5.86721	5.90583	5.93353	6.00918	6.16392	-99.99	0.0407678
setup	0	2024-01-28 23:00:00	12.0741	430.934	71.7844	4.67091	259.286	0	0	0	0	0	0	-0.866803	-1.21352	-0.520082	-0.866383	-0.575326	0.0729765	5.5002	0.0933215	5.88898	5.91262	5.95081	5.97808	6.05222	6.20303	-99.99	0.0393069
setup	0	2024-01-29 23:00:00	12.0731	431.354	72.6771	4.73003	259.709	0	0	0	0	0	0	-0.786122	-1.10057	-0.471673	-0.785707	-0.497306	0.145082	5.54387	0.165241	5.93141	5.95491	5.99273	6.01963	6.09245	6.23974	-99.99	0.0377646
setup	0	2024-01-30 23:00:00	12.072	431.774	73.5903	4.85676	260.147	0	0	0	0	0	0	-0.702852	-0.983993	-0.421711	-0.702442	-0.417033	0.21869	5.59046	0.238641	5.97462	5.9972	6.03378	6.0599	6.13081	6.2743	-99.99	0.0361002
setup	0	2024-01-31 23:00:00	12.071	432.191	74.5239	4.91928	260.599	0	0	0	0	0	0	-0.617018	-0.863825	-0.370211	-0.616613	-0.334822	0.292844	5.63781	0.312541	6.01955	6.04099	6.0759	6.10095	6.16928	6.30831	-99.99	0.0342803
setup	0	2024-02-01 23:00:00	12.0699	432.607	75.4775	4.98308	261.066	0	0	0	0	0	0	-0.528643	-0.740101	-0.317186	-0.528246	-0.250288	0.36884	5.67965	0.38827	6.0611	6.08229	6.11652	6.14097	6.20738	6.34237	-99.99	0.0323297
setup	0	2024-02-02 23:00:00	12.0688	433.019	76.451	5.04813	261.548	0	0	0	0	0	0	-0.437756	-0.612858	-0.262653	-0.437366	-0.163076	0.44788	5.71817	0.467053	6.09814	6.11937	6.15342	6.1776	6.24294	6.37484	-99.99	0.0302693
setup	0	2024-02-03 23:00:00	12.0676	433.428	77.4441	5.11439	262.044	0	0	0	0	0	0	-0.344381	-0.482134	-0.206629	-0.343999	-0.0736785	0.528437	5.76023	0.547333	6.13628	6.15661	6.18949	6.21297	6.27661	6.40518	-99.99	0.0280542
setup	0	2024-02-04 23:00:00	12.0665	433.833	78.4565	5.18186	262.554	0	0	0	0	0	0	-0.248548	-0.347967	-0.149129	-0.248174	0.0178553	0.610412	5.79847	0.629008	6.17318	6.19318	6.2253	6.24817	6.31004	6.435	-99.99	0.0256727
setup	0	2024-02-05 23:00:00	12.0653	434.232	79.488	5.25049	263.079	0	0	0	0	0	0	-0.150283	-0.210397	-0.09017	-0.149918	0.11172	0.694496	5.83648	0.712785	6.20832	6.22784	6.25923	6.28158	6.34199	6.46379	-99.99	0.0231302
setup	0	2024-02-06 23:00:00	12.0641	434.626	80.5383	5.32025	263.618	0	0	0	0	0	0	-0.0496171	-0.0694639	-0.0297702	-0.0492605	0.207952	0.780869	5.87095	0.798849	6.2409	6.26035	6.29142	6.31342	6.37263	6.49148	-99.99	0.0204186
setup	0	2024-02-07 23:00:00	12.063	435.013	81.6071	5.39113	264.121	0	0.206992	0	0	0	0	0.0534215	0.0320529	0.0747901	0.0537719	0.306587	0.869709	5.90339	0.88738	6.27085	6.29026	6.32108	6.34282	6.40081	6.517	-99.99	0.0198873
setup	0	2024-02-08 23:00:00	12.0617	435.393	82.694	5.46307	264.59	0	0.641978	0	0	0	0	0.158802	0.0952812	0.222323	0.159148	0.40761	0.961038	5.93286	0.978405	6.29699	6.31659	6.3475	6.36918	6.42687	6.54102	-99.99	0.0215777
setup	0	2024-02-09 23:00:00	12.0605	435.766	83.7987	5.53607	265.069	0	1.09922	0	0	0	0	0.266493	0.159896	0.373091	0.266834	0.511109	1.05521	5.96469	1.07228	6.32501	6.34391	6.37389	6.39501	6.45113	6.56266	-99.99	0.0233444
setup	0	2024-02-10 23:00:00	12.0593	436.13	84.921	5.61007	265.559	0	1.57373	0	0	0	0	0.376464	0.225878	0.527049	0.376799	0.616978	1.15196	5.98987	1.16874	6.3471	6.36667	6.39719	6.41841	6.4744	6.58407	-99.99	0.025183
setup	0	2024-02-11 23:00:00	12.058	436.484	86.0605	5.68504	266.06	0	2.06353	0	0	0	0	0.488681	0.293208	0.684153	0.489009	0.725155	1.25115	6.01245	1.26766	6.36499	6.38508	6.41624	6.43776	6.49403	6.60269	-99.99	0.0270921
setup	0	2024-02-12 23:00:00	12.0567	436.829	87.2168	5.76096	266.572	0	2.56747	0	0	0	0	0.603111	0.361867	0.844356	0.603432	0.835575	1.35265	6.03319	1.36888	6.38089	6.4013	6.43284	6.45451	6.51081	6.61837	-99.99	0.0290703
setup	0	2024-02-13 23:00:00	12.0555	437.164	88.3896	5.76047	267.094	0	3.08477	0	0	0	0	0.719722	0.431833	1.00761	0.720033	0.948176	1.45634	6.0519	1.47229	6.39457	6.41531	6.44717	6.46896	6.52525	6.63175	-99.99	0.0311165
setup	0	2024-02-14 23:00:00	12.0542	437.487	89.5785	5.8358	267.627	0	3.61486	0	0	0	0	0.838478	0.503087	1.17387	0.83878	1.06291	1.56213	6.06846	1.5778	6.40588	6.42696	6.4592	6.48115	6.53749	6.6431	-99.99	0.0332301
setup	0	2024-02-15 23:00:00	12.0528	437.799	90.7831	5.91382	268.171	0	4.15729	0	0	0	0	0.959345	0.575607	1.34308	0.959636	1.17972	1.66994	6.08028	1.68533	6.41224	6.43422	6.4675	6.48995	6.54694	6.65224	-99.99	0.0354115
setup	0	2024-02-16 23:00:00	12.0515	438.099	92.003	5.99283	268.725	0	4.71166	0	0	0	0	1.08229	0.649372	1.5152	1.08257	1.29857	1.77969	6.09265	1.79479	6.41854	6.44062	6.47408	6.49664	6.55381	6.65876	-99.99	0.0376601
setup	0	2024-02-17 23:00:00	12.0502	438.385	93.2379	6.07279	269.289	0	5.27764	0	0	0	0	1.20727	0.72436	1.69017	1.20754	1.4194	1.8913	6.10243	1.90611	6.42269	6.4452	6.47911	6.50188	6.55925	6.66373	-99.99	0.0399759
setup	0	2024-02-18 23:00:00	12.0488	438.658	94.4873	6.15366	269.864	0	5.8549	0	0	0	0	1.33425	0.800549	1.86795	1.33451	1.54217	2.00472	6.11609	2.01924	6.4302	6.45205	6.48515	6.50751	6.5639	6.66714	-99.99	0.0423598
setup	0	2024-02-19 23:00:00	12.0475	438.916	95.7509	6.23542	270.448	0	6.44318	0	0	0	0	1.4632	0.877917	2.04847	1.46345	1.66688	2.12001	6.12502	2.13423	6.43417	6.45645	6.48989	6.51231	6.56854	6.671	-99.99	0.0448147
setup	0	2024-02-20 23:00:00	12.0461	439.16	97.0281	6.31802	271.042	0	7.04219	0	0	0	0	1.59407	0.956441	2.2317	1.59431	1.79349	2.23716	6.12398	2.25108	6.42796	6.45213	6.48783	6.51139	6.56966	6.67326	-99.99	0.0473428
setup	0	2024-02-21 23:00:00	12.0447	439.389	98.3185	6.40141	271.647	0	7.65168	0	0	0	0	1.72683	1.0361	2.41756	1.72706	1.9219	2.3559	6.12019	2.36952	6.41759	6.44308	6.48057	6.50518	6.56553	6.67087	-99.99	0.049939
setup	0	2024-02-22 23:00:00	12.0433	439.601	99.6218	6.48557	272.261	0	8.27139	0	0	0	0	1.86144	1.11686	2.60601	1.86166	2.05198	2.47588	6.11299	2.48919	6.40437	6.43103	6.4701	6.49562	6.55771	6.66462	-99.99	0.0525962
setup	0	2024-02-23 23:00:00	12.0419	439.797	100.937	6.50499	272.884	0	8.90108	0	0	0	0	1.99786	1.19871	2.797	1.99808	2.18363	2.59693	6.1014	2.6099	6.38719	6.41516	6.45596	6.48246	6.54645	6.65518	-99.99	0.0553114
setup	0	2024-02-24 23:00:00	12.0405	439.977	102.265	6.56839	273.517	0	9.5405	0	0	0	0	2.13604	1.28163	2.99046	2.13626	2.31678	2.71888	6.08451	2.7315	6.36516	6.39469	6.43751	6.46517	6.53143	6.64246	-99.99	0.058082
setup	0	2024-02-25 23:00:00	12.0391	440.139	103.604	6.65344	274.159	0	10.1894	0	0	0	0	2.27596	1.36558	3.18634	2.27617	2.45135	2.84156	6.07125	2.85381	6.34679	6.37639	6.41946	6.44742	6.51439	6.6266	-99.99	0.0609054
setup	0	2024-02-26 23:00:00	12.0377	440.283	104.954	6.73907	274.81	0	10.8476	0	0	0	0	2.41756	1.45054	3.38459	2.41776	2.58734	2.96504	6.03818	2.9769	6.3121	6.34525	6.39253	6.42264	6.49351	6.60939	-99.99	0.0637852
setup	0	2024-02-27 23:00:00	12.0362	440.408	106.314	6.82523	275.471	0	11.5149	0	0	0	0	2.56081	1.53649	3.58513	2.56101	2.7244	3.08834	5.99302	3.09977	6.26361	6.30066	6.35309	6.38615	6.46285	6.58475	-99.99	0.0666964
setup	0	2024-02-28 23:00:00	12.0348	440.515	107.684	6.91188	276.14	0	12.1909	0	0	0	0	2.70566	1.6234	3.78793	2.70585	2.86227	3.2107	5.95456	3.22163	6.22216	6.25974	6.31328	6.3473	6.42675	6.55289	-99.99	0.0696197
setup	0	2024-02-29 23:00:00	12.0333	440.603	109.064	6.99898	276.818	0	12.8755	0	0	0	0	2.85207	1.71124	3.9929	2.85226	3.00109	3.33259	5.88542	3.343	6.15588	6.19947	6.26031	6.29818	6.3845	6.51737	-99.99	0.0725702
setup	0	2024-03-01 23:00:00	12.0319	440.671	110.453	6.99581	277.504	0	13.5684	0	0	0	0	3	1.8	4.2	3.00018	3.14023	3.45217	5.81332	3.46195	6.08366	6.1307	6.19641	6.23733	6.33039	6.47157	-99.99	0.0754976
setup	0	2024-03-02 23:00:00	12.0304	440.719	111.851	7.08252	278.199	0	14.2694	0	0	0	0	3.1494	1.88964	4.40916	3.14957	3.2794	3.56859	5.6998	3.57766	5.97552	6.03207	6.10966	6.15706	6.26218	6.41559	-99.99	0.07838
setup	0	2024-03-03 23:00:00	12.0289	440.747	113.256	7.16953	278.903	0	14.9783	0	0	0	0	3.30023	1.98014	4.62033	3.3004	3.41786	3.67951	5.57542	3.68772	5.85295	5.91646	6.00369	6.05701	6.17489	6.34184	-99.99	0.0811535
setup	0	2024-03-04 23:00:00	12.0275	440.754	114.669	7.2568	279.614	0	15.6948	0	0	0	0	3.45245	2.07147	4.83343	3.4526	3.55525	3.78389	5.39521	3.79107	5.68404	5.76072	5.86469	5.92735	6.06311	6.25073	-99.99	0.0837899
setup	0	2024-03-05 23:00:00	12.026	440.74	116.089	7.34427	280.333	0	16.4187	0	0	0	0	3.606	2.1636	5.04841	3.60614	3.68959	3.87548	5.13927	3.88131	5.45315	5.54757	5.67481	5.75096	5.9139	6.13039	-99.99	0.0861133
setup	0	2024-03-06 23:00:00	12.0245	440.705	117.515	7.40841	281.061	0	17.1498	0	0	0	0	3.76086	2.25651	5.2652	3.76096	3.818	3.94505	4.71229	3.94904	5.10284	5.2276	5.39392	5.49232	5.6988	5.96159	-99.99	0.0878534
setup	0	2024-03-07 23:00:00	12.023	440.649	118.947	7.42622	281.795	0	17.8878	0	0	0	0	3.91696	2.35017	5.48374	3.91703	3.94306	4.00102	-99.99	4.00284	4.67425	4.82499	5.02558	5.14488	5.39778	5.71769	-99.99	0.0892728
setup	0	2024-03-08 23:00:00	12.0215	440.571	120.385	7.51298	282.538	0	18.6325	0	0	0	0	4.07426	2.44456	5.70396	4.07431	4.0786	4.08815	-99.99	4.08845	4.33526	4.48242	4.67911	4.79799	5.05952	5.41073	-99.99	0.0917625
setup	0	2024-03-09 23:00:00	12.02	440.471	121.827	7.59975	283.287	0	19.3836	0	0	0	0	4.23272	2.53963	5.92581	4.23278	4.23785	4.24914	-99.99	4.2495	4.33886	4.41595	4.54098	4.62738	4.83942	5.1626	-99.99	0.0961665
setup	0	2024-03-10 23:00:00	12.0185	440.349	123.274	7.68649	284.044	0	20.1409	0	0	0	0	4.39229	2.63538	6.14921	4.39236	4.39573	4.40324	-99.99	4.40347	4.46272	4.51271	4.59343	4.65035	4.79849	5.06192	-99.99	0.100502
setup	0	2024-03-11 23:00:00	12.017	440.204	124.725	7.77314	284.808	0	20.9041	0	0	0	0	4.55293	2.73176	6.3741	4.553	4.55485	4.55898	-99.99	4.55911	4.59341	4.62467	4.6788	4.71935	4.83309	5.06214	-99.99	0.104959
setup	0	2024-03-12 23:00:00	12.0154	440.037	126.179	7.85966	285.578	0	21.6731	0	0	0	0	4.71458	2.82875	6.60041	4.71466	4.71552	4.71744	-99.99	4.7175	4.7356	4.75468	4.79146	4.82125	4.91194	5.11545	-99.99	0.109569
setup	0	2024-03-13 23:00:00	12.0139	439.848	127.635	7.94601	286.355	0	22.4475	0	0	0	0	4.87719	2.92632	6.82807	4.87728	4.87771	4.87869	-99.99	4.87872	4.88831	4.89735	4.92102	4.94316	5.01749	5.19998	-99.99	0.11434
setup	0	2024-03-14 23:00:00	12.0124	439.636	129.094	8.03213	287.139	0	23.2271	0	0	0	0	5.04073	3.02444	7.05703	5.04082	5.04034	5.03927	-99.99	5.03924	5.03714	5.04211	5.05844	5.07533	5.13704	5.30234	-99.99	0.119157
setup	0	2024-03-15 23:00:00	12.0109	439.402	130.555	8.11799	287.928	0	24.0117	0	0	0	0	5.20514	3.12309	7.2872	5.20523	5.20445	5.20273	-99.99	5.20267	5.19423	5.19339	5.20198	5.21394	5.26445	5.41336	-99.99	0.124148
setup	0	2024-03-16 23:00:00	12.0094	439.145	132.017	8.20354	288.724	0	24.8011	0	0	0	0	5.37038	3.22223	7.51853	5.37046	5.36933	5.36682	-99.99	5.36674	5.35257	5.34767	5.34965	5.35735	5.39786	5.5313	-99.99	0.12924
setup	0	2024-03-17 23:00:00	12.0078	438.866	133.479	8.28873	289.525	0	25.5949	0	0	0	0	5.53639	3.32183	7.75094	5.53646	5.53495	5.53159	-99.99	5.53148	5.51199	5.50285	5.49892	5.50286	5.5345	5.65333	-99.99	0.134437
setup	0	2024-03-18 23:00:00	12.0063	438.563	134.942	8.37351	290.332	0	26.3929	0	0	0	0	5.70312	3.42187	7.98437	5.70319	5.70142	5.69749	-99.99	5.69736	5.67306	5.66033	5.65103	5.65143	5.67435	5.77844	-99.99	0.13975
setup	0	2024-03-19 23:00:00	12.0048	438.239	136.404	8.45785	291.144	0	27.1949	0	0	0	0	5.87053	3.52232	8.21875	5.87059	5.86858	5.86411	-99.99	5.86397	5.83542	5.8193	5.80482	5.8017	5.81597	5.90543	-99.99	0.145175
setup	0	2024-03-20 23:00:00	12.0032	437.892	137.865	8.54171	291.962	0	28.0006	0	0	0	0	6.03857	3.62314	8.454	6.03861	6.03635	6.0313	-99.99	6.03114	5.99825	5.97872	5.95913	5.95263	5.95857	6.03372	-99.99	0.150708
setup	0	2024-03-21 23:00:00	12.0017	437.522	139.325	8.62504	292.784	0	28.8097	0	0	0	0	6.20719	3.72432	8.69007	6.2072	6.20469	6.19909	-99.99	6.19891	6.16182	6.13899	6.11441	6.10458	6.1023	6.16318	-99.99	0.15635
setup	0	2024-03-22 23:00:00	12.0002	437.131	140.783	8.70793	293.611	0	29.6221	0	0	0	0	6.37634	3.8258	8.92687	6.37632	6.37345	6.36706	-99.99	6.36686	6.3253	6.29882	6.26905	6.25593	6.24585	6.29311	-99.99	0.162093
setup	0	2024-03-23 23:00:00	11.9986	436.717	142.238	8.79049	294.443	0	30.4374	0	0	0	0	6.54596	3.92758	9.16435	6.54592	6.54286	6.53604	-99.99	6.53582	6.49022	6.46087	6.42656	6.41026	6.39189	6.42452	-99.99	0.167956
setup	0	2024-03-24 23:00:00	11.9971	436.282	143.691	8.87271	295.279	0	31.2554	0	0	0	0	6.71602	4.02961	9.40242	6.71596	6.71209	6.70347	-99.99	6.7032	6.65142	6.61825	6.57905	6.55983	6.53464	6.55497	-99.99	0.173866
setup	0	2024-03-25 23:00:00	11.9956	435.825	145.139	8.95455	296.119	0	32.0758	0	0	0	0	6.88645	4.13187	9.64103	6.88637	6.88268	6.87447	-99.99	6.87421	6.81909	6.78328	6.73932	6.71662	6.68233	6.68705	-99.99	0.179986
setup	0	2024-03-26 23:00:00	11.9941	435.347	146.584	9.03598	296.963	0	32.8985	0	0	0	0	7.05721	4.23432	9.88009	7.05712	7.05315	7.04432	-99.99	7.04404	6.98484	6.94507	6.89614	6.8703	6.8285	6.81998	-99.99	0.186176
setup	0	2024-03-27 23:00:00	11.9925	434.848	148.025	9.11696	297.811	0	33.723	0	0	0	0	7.22825	4.33695	10.1195	7.22814	7.22358	7.21341	-99.99	7.21309	7.14923	7.10632	7.05238	7.02334	6.97393	6.95213	-99.99	0.192437
setup	0	2024-03-28 23:00:00	11.991	434.328	149.46	9.19744	298.662	0	34.5492	0	0	0	0	7.39951	4.43971	10.3593	7.3994	7.39497	7.38509	-99.99	7.38478	7.31749	7.27231	7.2139	7.18153	7.12335	7.08639	-99.99	0.198884
setup	0	2024-03-29 23:00:00	11.9895	433.788	150.89	9.2774	299.516	0	35.3768	0	0	0	0	7.57095	4.54257	10.5993	7.57084	7.56621	7.5559	-99.99	7.55558	7.48452	7.43567	7.3724	7.33699	7.27153	7.2214	-99.99	0.20541
setup	0	2024-03-30 23:00:00	11.988	433.227	152.314	9.35678	300.373	0	36.2055	0	0	0	0	7.74252	4.64551	10.8395	7.7424	7.73713	7.72537	-99.99	7.72501	7.64986	7.59749	7.52936	7.49087	7.41809	7.35517	-99.99	0.211996
setup	0	2024-03-31 23:00:00	11.9864	432.647	153.732	9.43551	301.233	0	37.0352	0	0	0	0	7.91417	4.7485	11.0798	7.91405	7.90905	7.8979	-99.99	7.89755	7.8205	7.76536	7.69251	7.65061	7.56883	7.49058	-99.99	0.218786
setup	0	2024-04-01 23:00:00	11.9849	432.048	155.143	9.5135	302.095	0	37.8654	0	0	0	0	8.08583	4.8515	11.3202	8.08572	8.08043	8.06865	-99.99	8.06828	7.98606	7.92832	7.85141	7.80675	7.71793	7.62672	-99.99	0.225627
setup	0	2024-04-02 23:00:00	11.9834	431.43	156.547	9.59071	302.96	0	38.696	0	0	0	0	8.25748	4.95449	11.5605	8.25737	8.25204	8.24016	-99.99	8.23979	8.15591	8.09647	8.01821	7.97013	7.87253	7.76555	-99.99	0.232608
setup	0	2024-04-03 23:00:00	11.9819	430.793	157.942	9.66709	303.826	0	39.5268	0	0	0	0	8.42905	5.05743	11.8007	8.42895	8.42318	8.41034	-99.99	8.40993	8.31992	8.25629	8.17076	8.12051	8.01806	7.90142	-99.99	0.239649
setup	0	2024-04-04 23:00:00	11.9804	430.138	159.33	9.7426	304.694	0	40.3574	0	0	0	0	8.60049	5.16029	12.0407	8.6004	8.59447	8.58127	-99.99	8.58085	8.48735	8.42093	8.33094	8.27752	8.16681	8.03595	-99.99	0.246819
setup	0	2024-04-05 23:00:00	11.9789	429.466	160.709	9.81719	305.563	0	41.1875	0	0	0	0	8.77175	5.26305	12.2805	8.77168	8.76554	8.75186	-99.99	8.75144	8.65423	8.58484	8.49028	8.43379	8.31547	8.17131	-99.99	0.254092
setup	0	2024-04-06 23:00:00	11.9774	428.777	162.079	9.89082	306.434	0	42.017	0	0	0	0	8.94279	5.36568	12.5199	8.94273	8.93623	8.92175	-99.99	8.9213	8.81927	8.74637	8.64712	8.58775	8.46265	8.30627	-99.99	0.261454
setup	0	2024-04-07 23:00:00	11.9759	428.071	163.439	9.96345	307.305	0	42.8456	0	0	0	0	9.11355	5.46813	12.759	9.1135	9.10691	9.09223	-99.99	9.09177	8.98717	8.91193	8.80859	8.74617	8.61296	8.44244	-99.99	0.268939
setup	0	2024-04-08 23:00:00	11.9744	427.35	164.789	10.035	308.177	0	43.673	0	0	0	0	9.28398	5.57039	12.9976	9.28395	9.27686	9.26105	-99.99	9.26055	9.152	9.07248	8.96401	8.89877	8.75933	8.57748	-99.99	0.276478
setup	0	2024-04-09 23:00:00	11.9729	426.613	166.13	10.1055	309.05	0	44.499	0	0	0	0	9.45404	5.67242	13.2357	9.45402	9.44694	9.43117	-99.99	9.43067	9.31951	9.23859	9.12662	9.05842	8.91063	8.71421	-99.99	0.28416
setup	0	2024-04-10 23:00:00	11.9714	425.861	167.459	10.1749	309.923	0	45.3232	0	0	0	0	9.62366	5.7742	13.4731	9.62366	9.61643	9.60033	-99.99	9.59983	9.48551	9.40198	9.28596	9.21497	9.06015	8.85112	-99.99	0.291937
setup	0	2024-04-11 23:00:00	11.9699	425.095	168.777	10.2431	310.795	0	46.1455	0	0	0	0	9.79281	5.87568	13.7099	9.79282	9.78542	9.76892	-99.99	9.7684	9.65087	9.56469	9.44456	9.37078	9.20898	8.98742	-99.99	0.299809
setup	0	2024-04-12 23:00:00	11.9685	424.316	170.084	10.3102	311.667	0	46.9656	0	0	0	0	9.96143	5.97686	13.946	9.96146	9.95387	9.93696	-99.99	9.93643	9.81568	9.72681	9.60259	9.52607	9.35733	9.12332	-99.99	0.307774
setup	0	2024-04-13 23:00:00	11.967	423.524	171.379	10.3759	312.538	0	47.7832	0	0	0	0	10.1295	6.07768	14.1813	10.1295	10.1217	10.1044	-99.99	10.1039	9.97988	9.88835	9.7601	9.68085	9.50524	9.25888	-99.99	0.315829
setup	0	2024-04-14 23:00:00	11.9656	422.72	172.662	10.4405	313.409	0	48.5982	0	0	0	0	10.2969	6.17813	14.4156	10.2969	10.2889	10.271	-99.99	10.2704	10.1435	10.0483	9.91514	9.83301	9.65093	9.39322	-99.99	0.323968
setup	0	2024-04-15 23:00:00	11.9641	421.904	173.932	10.5038	314.278	0	49.4101	0	0	0	0	10.4636	6.27817	14.6491	10.4637	10.4555	10.4373	-99.99	10.4368	10.3069	10.2101	10.0738	9.98905	9.79967	9.52871	-99.99	0.332191
setup	0	2024-04-16 23:00:00	11.9627	421.077	175.189	10.5659	315.145	0	50.2188	0	0	0	0	10.6296	6.37777	14.8815	10.6297	10.6214	10.6028	-99.99	10.6023	10.4694	10.3702	10.23	10.1427	9.94679	9.66392	-99.99	0.340503
setup	0	2024-04-17 23:00:00	11.9612	420.24	176.433	10.6284	316.011	0	51.0241	0	0	0	0	10.7949	6.47691	15.1128	10.795	10.7864	10.7675	-99.99	10.7669	10.631	10.5293	10.3854	10.2955	10.0931	9.79837	-99.99	0.348893
setup	0	2024-04-18 23:00:00	11.9598	419.394	177.663	10.6901	316.875	0	51.8256	0	0	0	0	10.9593	6.57556	15.343	10.9594	10.9504	10.9304	-99.99	10.9297	10.7868	10.6827	10.5364	10.4448	10.2373	9.93211	-99.99	0.357308
setup	0	2024-04-19 23:00:00	11.9584	418.539	178.879	10.7508	317.736	0	52.6232	0	0	0	0	11.1228	6.67368	15.5719	11.1229	11.1139	11.0939	-99.99	11.0933	10.9493	10.8432	10.6924	10.5976	10.3823	10.0644	-99.99	0.365875
setup	0	2024-04-20 23:00:00	11.957	417.675	180.081	10.8106	318.595	0	53.4165	0	0	0	0	11.2854	6.77125	15.7996	11.2855	11.2764	11.256	-99.99	11.2553	11.1084	11	10.8455	10.7482	10.5265	10.197	-99.99	0.374491
setup	0	2024-04-21 23:00:00	11.9556	416.805	181.269	10.8696	319.45	0	54.2054	0	0	0	0	11.4471	6.86824	16.0259	11.4472	11.438	11.4176	-99.99	11.4169	11.2678	11.1558	10.9965	10.8963	10.6683	10.3282	-99.99	0.383227
setup	0	2024-04-22 23:00:00	11.9542	415.928	182.442	10.9278	320.303	0	54.9896	0	0	0	0	11.6077	6.96462	16.2508	11.6078	11.5982	11.5768	-99.99	11.5761	11.4263	11.3131	11.1505	11.0478	10.813	10.4606	-99.99	0.391919
setup	0	2024-04-23 23:00:00	11.9529	415.045	183.599	10.9853	321.152	0	55.7689	0	0	0	0	11.7673	7.06037	16.4742	11.7674	11.7577	11.7362	-99.99	11.7356	11.5807	11.4658	11.3014	11.1972	10.9572	10.5939	-99.99	0.400714
setup	0	2024-04-24 23:00:00	11.9515	414.157	184.741	11.0423	321.997	0	56.5429	0	0	0	0	11.9257	7.15544	16.696	11.9258	11.916	11.8941	-99.99	11.8935	11.7357	11.6184	11.4503	11.3436	11.0975	10.7236	-99.99	0.409581
setup	0	2024-04-25 23:00:00	11.9501	413.265	185.868	11.0992	322.838	0	57.3116	0	0	0	0	12.083	7.24983	16.9163	12.0831	12.073	12.0503	-99.99	12.0496	11.8868	11.7667	11.5951	11.4864	11.2353	10.852	-99.99	0.418463
setup	0	2024-04-26 23:00:00	11.9488	412.369	186.978	11.1565	323.674	0	58.0746	0	0	0	0	12.2391	7.34349	17.1348	12.2392	12.2293	12.2073	-99.99	12.2066	12.046	11.9223	11.7451	11.633	11.3743	10.9793	-99.99	0.427528
setup	0	2024-04-27 23:00:00	11.9475	411.471	188.072	11.2139	324.506	0	58.8317	0	0	0	0	12.394	7.4364	17.3516	12.394	12.3839	12.3614	-99.99	12.3607	12.1958	12.071	11.8922	11.7785	11.5148	11.1093	-99.99	0.436511
setup	0	2024-04-28 23:00:00	11.9462	410.571	189.15	11.2705	325.333	0	59.5826	0	0	0	0	12.5476	7.52853	17.5666	12.5476	12.5367	12.5125	-99.99	12.5117	12.3393	12.2137	12.0337	11.9189	11.6513	11.2367	-99.99	0.44542
setup	0	2024-04-29 23:00:00	11.9449	409.669	190.211	11.3271	326.155	0	60.3272	0	0	0	0	12.6998	7.61986	17.7797	12.6998	12.6892	12.6656	-99.99	12.6648	12.4941	12.3664	12.1822	12.0644	11.7892	11.3627	-99.99	0.454573
setup	0	2024-04-30 23:00:00	11.9436	408.767	191.255	11.3847	326.971	0	61.0653	0	0	0	0	12.8506	7.71036	17.9908	12.8506	12.8398	12.8158	-99.99	12.815	12.6413	12.5114	12.3241	12.2044	11.9244	11.4886	-99.99	0.463688
setup	0	2024-05-01 23:00:00	11.9423	407.866	192.282	11.4449	327.782	0	61.7965	0	0	0	0	13	7.8	18.2	12.9999	12.9891	12.9649	-99.99	12.9641	12.7887	12.6571	12.4669	12.345	12.0594	11.6132	-99.99	0.472844
setup	0	2024-05-02 23:00:00	11.941	406.966	193.291	11.5059	328.586	0	62.5207	0	0	0	0	13.1479	7.88876	18.4071	13.1478	13.1369	13.1124	-99.99	13.1116	12.934	12.8006	12.6076	12.4838	12.1929	11.7372	-99.99	0.482015
setup	0	2024-05-03 23:00:00	11.9398	406.068	194.283	11.5678	329.384	0	63.2376	0	0	0	0	13.2943	7.9766	18.6121	13.2942	13.2831	13.2583	-99.99	13.2575	13.0782	12.9414	12.7437	12.6173	12.3214	11.8579	-99.99	0.491261
setup	0	2024-05-04 23:00:00	11.9386	405.173	195.257	11.6307	330.175	0	63.9471	0	0	0	0	13.4392	8.06351	18.8149	13.4391	13.4261	13.3972	-99.99	13.3963	13.2031	13.0648	12.867	12.7408	12.445	11.9772	-99.99	0.499997
setup	0	2024-05-05 23:00:00	11.9373	404.281	196.213	11.6948	330.959	0	64.6489	0	0	0	0	13.5824	8.14946	19.0154	13.5823	13.5709	13.5455	-99.99	13.5447	13.3636	13.2245	13.0222	12.8918	12.5844	12.0994	-99.99	0.509481
setup	0	2024-05-06 23:00:00	11.9361	403.394	197.151	11.7598	331.736	0	65.3428	0	0	0	0	13.724	8.23442	19.2137	13.7239	13.7119	13.6852	-99.99	13.6844	13.4948	13.3526	13.148	13.017	12.7088	12.2201	-99.99	0.518685
setup	0	2024-05-07 23:00:00	11.935	402.511	198.07	11.8271	332.505	0	66.0285	0	0	0	0	13.864	8.31837	19.4095	13.8638	13.8524	13.8269	-99.99	13.8261	13.6402	13.4988	13.2927	13.1595	12.8442	12.3425	-99.99	0.527974
setup	0	2024-05-08 23:00:00	11.9338	401.635	198.971	11.8942	333.267	0	66.706	0	0	0	0	14.0021	8.40129	19.603	14.002	13.9898	13.9626	-99.99	13.9618	13.7681	13.6254	13.4186	13.2851	12.9684	12.4614	-99.99	0.537003
setup	0	2024-05-09 23:00:00	11.9326	400.765	199.852	11.9656	334.02	0	67.3749	0	0	0	0	14.1386	8.48314	19.794	14.1384	14.1266	14.1003	-99.99	14.0994	13.9082	13.7638	13.5532	13.417	13.094	12.5769	-99.99	0.546265
setup	0	2024-05-10 23:00:00	11.9315	399.903	200.715	12.0396	334.765	0	68.035	0	0	0	0	14.2732	8.5639	19.9824	14.273	14.2611	14.2346	-99.99	14.2337	14.0408	13.8947	13.6818	13.5441	13.2169	12.6919	-99.99	0.555433
setup	0	2024-05-11 23:00:00	11.9304	399.049	201.559	12.1165	335.501	0	68.6863	0	0	0	0	14.4059	8.64356	20.1683	14.4058	14.3938	14.367	-99.99	14.3662	14.1715	14.024	13.8088	13.6695	13.3382	12.8054	-99.99	0.564568
