source	id	datetime	species	area_cover[-]	area_fraction[-]	n_tree[ha-1]	vol_tree[m3ha-1]	h_max[m]	h_min[m]	diam_ground[m]	diam_breast[m]	depth[m]	sla[m2kg-1]	lai[-]	crown_diam_ratio[-]	sap_fol_ratio[-]	branch_fraction[-]	DW_stem_wood[kgm-2]	DW_branch_wood[kgm-2]	DW_root_wood[kgm-2]
setup	0	2023-04-25 23:00:00	ANGA	1	1	0	0	1	0	0	0	1	424	1.05458	1	0	0	0	0	0
setup	0	2023-04-26 23:00:00	ANGA	1	1	0	0	1	0	0	0	1	424	1.05254	1	0	0	0	0	0
setup	0	2023-04-27 23:00:00	ANGA	1	1	0	0	1	0	0	0	1	424	1.05022	1	0	0	0	0	0
setup	0	2023-04-28 23:00:00	ANGA	1	1	0	0	1	0	0	0	1	424	1.04761	1	0	0	0	0	0
setup	0	2023-04-29 23:00:00	ANGA	1	1	0	0	1	0	0	0	1	424	1.04466	1	0	0	0	0	0
setup	0	2023-04-30 23:00:00	ANGA	1	1	0	0	1	0	0	0	1	424	1.04135	1	0	0	0	0	0
setup	0	2023-05-01 23:00:00	ANGA	1	1	0	0	1	0	0	0	1	424	1.03764	1	0	0	0	0	0
setup	0	2023-05-02 23:00:00	ANGA	1	1	0	0	1	0	0	0	1	424	1.03349	1	0	0	0	0	0
setup	0	2023-05-03 23:00:00	ANGA	1	1	0	0	1	0	0	0	1	424	1.02886	1	0	0	0	0	0
setup	0	2023-05-04 23:00:00	ANGA	1	1	0	0	1	0	0	0	1	424	1.02372	1	0	0	0	0	0
setup	0	2023-05-05 23:00:00	ANGA	1	1	0	0	1	0	0	0	1	424	1.01802	1	0	0	0	0	0
setup	0	2023-05-06 23:00:00	ANGA	1	1	0	0	1	0	0	0	1	424	1.01171	1	0	0	0	0	0
setup	0	2023-05-07 23:00:00	ANGA	1	1	0	0	1	0	0	0	1	424	1.00476	1	0	0	0	0	0
setup	0	2023-05-08 23:00:00	ANGA	1	1	0	0	1	0	0	0	1	424	0.997116	1	0	0	0	0	0
setup	0	2023-05-09 23:00:00	ANGA	1	1	0	0	1	0	0	0	1	424	0.988733	1	0	0	0	0	0
setup	0	2023-05-10 23:00:00	ANGA	1	1	0	0	1	0	0	0	1	424	0.979566	1	0	0	0	0	0
setup	0	2023-05-11 23:00:00	ANGA	1	1	0	0	1	0	0	0	1	424	0.96957	1	0	0	0	0	0
setup	0	2023-05-12 23:00:00	ANGA	1	1	0	0	1	0	0	0	1	424	0.958701	1	0	0	0	0	0
setup	0	2023-05-13 23:00:00	ANGA	1	1	0	0	1	0	0	0	1	424	0.946916	1	0	0	0	0	0
setup	0	2023-05-14 23:00:00	ANGA	1	1	0	0	1	0	0	0	1	424	0.934175	1	0	0	0	0	0
setup	0	2023-05-15 23:00:00	ANGA	1	1	0	0	1	0	0	0	1	424	0.92044	1	0	0	0	0	0
setup	0	2023-05-16 23:00:00	ANGA	1	1	0	0	1	0	0	0	1	424	0.905678	1	0	0	0	0	0
setup	0	2023-05-17 23:00:00	ANGA	1	1	0	0	1	0	0	0	1	424	0.889858	1	0	0	0	0	0
setup	0	2023-05-18 23:00:00	ANGA	1	1	0	0	1	0	0	0	1	424	0.872955	1	0	0	0	0	0
setup	0	2023-05-19 23:00:00	ANGA	1	1	0	0	1	0	0	0	1	424	0.85495	1	0	0	0	0	0
setup	0	2023-05-20 23:00:00	ANGA	1	1	0	0	1	0	0	0	1	424	0.835829	1	0	0	0	0	0
setup	0	2023-05-21 23:00:00	ANGA	1	1	0	0	1	0	0	0	1	424	0.815587	1	0	0	0	0	0
setup	0	2023-05-22 23:00:00	ANGA	1	1	0	0	1	0	0	0	1	424	0.794225	1	0	0	0	0	0
setup	0	2023-05-23 23:00:00	ANGA	1	1	0	0	1	0	0	0	1	424	0.771754	1	0	0	0	0	0
setup	0	2023-05-24 23:00:00	ANGA	1	1	0	0	1	0	0	0	1	424	0.748191	1	0	0	0	0	0
setup	0	2023-05-25 23:00:00	ANGA	1	1	0	0	1	0	0	0	1	424	0.723565	1	0	0	0	0	0
setup	0	2023-05-26 23:00:00	ANGA	1	1	0	0	1	0	0	0	1	424	0.697916	1	0	0	0	0	0
setup	0	2023-05-27 23:00:00	ANGA	1	1	0	0	1	0	0	0	1	424	0.671291	1	0	0	0	0	0
setup	0	2023-05-28 23:00:00	ANGA	1	1	0	0	1	0	0	0	1	424	0.643751	1	0	0	0	0	0
setup	0	2023-05-29 23:00:00	ANGA	1	1	0	0	1	0	0	0	1	424	0.615366	1	0	0	0	0	0
setup	0	2023-05-30 23:00:00	ANGA	1	1	0	0	1	0	0	0	1	424	0.586218	1	0	0	0	0	0
setup	0	2023-05-31 23:00:00	ANGA	1	1	0	0	1	0	0	0	1	424	0.556398	1	0	0	0	0	0
setup	0	2023-06-01 23:00:00	ANGA	1	1	0	0	1	0	0	0	1	424	0.52601	1	0	0	0	0	0
setup	0	2023-06-02 23:00:00	ANGA	1	1	0	0	1	0	0	0	1	424	0.495168	1	0	0	0	0	0
setup	0	2023-06-03 23:00:00	ANGA	1	1	0	0	1	0	0	0	1	424	0.463995	1	0	0	0	0	0
setup	0	2023-06-04 23:00:00	ANGA	1	1	0	0	1	0	0	0	1	424	0.432623	1	0	0	0	0	0
setup	0	2023-06-05 23:00:00	ANGA	1	1	0	0	1	0	0	0	1	424	0.401194	1	0	0	0	0	0
setup	0	2023-06-06 23:00:00	ANGA	1	1	0	0	1	0	0	0	1	424	0.369856	1	0	0	0	0	0
setup	0	2023-06-07 23:00:00	ANGA	1	1	0	0	1	0	0	0	1	424	0.338765	1	0	0	0	0	0
setup	0	2023-06-08 23:00:00	ANGA	1	1	0	0	1	0	0	0	1	424	0.308081	1	0	0	0	0	0
setup	0	2023-06-09 23:00:00	ANGA	1	1	0	0	1	0	0	0	1	424	0.277968	1	0	0	0	0	0
setup	0	2023-06-10 23:00:00	ANGA	1	1	0	0	1	0	0	0	1	424	0.248595	1	0	0	0	0	0
setup	0	2023-06-11 23:00:00	ANGA	1	1	0	0	1	0	0	0	1	424	0.220128	1	0	0	0	0	0
setup	0	2023-06-12 23:00:00	ANGA	1	1	0	0	1	0	0	0	1	424	0.192737	1	0	0	0	0	0
setup	0	2023-06-13 23:00:00	ANGA	1	1	0	0	1	0	0	0	1	424	0.166586	1	0	0	0	0	0
setup	0	2023-06-14 23:00:00	ANGA	1	1	0	0	1	0	0	0	1	424	0.141837	1	0	0	0	0	0
setup	0	2023-06-15 23:00:00	ANGA	1	1	0	0	1	0	0	0	1	424	0.118647	1	0	0	0	0	0
setup	0	2023-06-16 23:00:00	ANGA	1	1	0	0	1	0	0	0	1	424	0.0971663	1	0	0	0	0	0
setup	0	2023-06-17 23:00:00	ANGA	1	1	0	0	1	0	0	0	1	424	0.0775347	1	0	0	0	0	0
setup	0	2023-06-18 23:00:00	ANGA	1	1	0	0	1	0	0	0	1	424	0.0598833	1	0	0	0	0	0
setup	0	2023-06-19 23:00:00	ANGA	1	1	0	0	1	0	0	0	1	424	0.0443312	1	0	0	0	0	0
setup	0	2023-06-20 23:00:00	ANGA	1	1	0	0	1	0	0	0	1	424	0.0309844	1	0	0	0	0	0
setup	0	2023-06-21 23:00:00	ANGA	1	1	0	0	1	0	0	0	1	424	0.0199349	1	0	0	0	0	0
setup	0	2023-06-22 23:00:00	ANGA	1	1	0	0	1	0	0	0	1	424	0.0112596	1	0	0	0	0	0
setup	0	2023-06-23 23:00:00	ANGA	1	1	0	0	1	0	0	0	1	424	0.00501901	1	0	0	0	0	0
setup	0	2023-06-24 23:00:00	ANGA	1	1	0	0	1	0	0	0	1	424	0.00125697	1	0	0	0	0	0
setup	0	2023-06-25 23:00:00	ANGA	1	1	0	0	1	0	0	0	1	424	0	1	0	0	0	0	0
setup	0	2023-06-26 23:00:00	ANGA	1	1	0	0	1	0	0	0	1	424	0	1	0	0	0	0	0
setup	0	2023-06-27 23:00:00	ANGA	1	1	0	0	1	0	0	0	1	424	0	1	0	0	0	0	0
setup	0	2023-06-28 23:00:00	ANGA	1	1	0	0	1	0	0	0	1	424	0	1	0	0	0	0	0
setup	0	2023-06-29 23:00:00	ANGA	1	1	0	0	1	0	0	0	1	424	0	1	0	0	0	0	0
setup	0	2023-06-30 23:00:00	ANGA	1	1	0	0	1	0	0	0	1	424	0	1	0	0	0	0	0
setup	0	2023-07-01 23:00:00	ANGA	1	1	0	0	1	0	0	0	1	424	0	1	0	0	0	0	0
setup	0	2023-07-02 23:00:00	ANGA	1	1	0	0	1	0	0	0	1	424	0	1	0	0	0	0	0
setup	0	2023-07-03 23:00:00	ANGA	1	1	0	0	1	0	0	0	1	424	0	1	0	0	0	0	0
setup	0	2023-07-04 23:00:00	ANGA	1	1	0	0	1	0	0	0	1	424	0	1	0	0	0	0	0
setup	0	2023-07-05 23:00:00	ANGA	1	1	0	0	1	0	0	0	1	424	0	1	0	0	0	0	0
setup	0	2023-07-06 23:00:00	ANGA	1	1	0	0	1	0	0	0	1	424	0	1	0	0	0	0	0
setup	0	2023-07-07 23:00:00	ANGA	1	1	0	0	1	0	0	0	1	424	0	1	0	0	0	0	0
setup	0	2023-07-08 23:00:00	ANGA	1	1	0	0	1	0	0	0	1	424	0	1	0	0	0	0	0
setup	0	2023-07-09 23:00:00	ANGA	1	1	0	0	1	0	0	0	1	424	0	1	0	0	0	0	0
setup	0	2023-07-10 23:00:00	ANGA	1	1	0	0	1	0	0	0	1	424	0	1	0	0	0	0	0
setup	0	2023-07-11 23:00:00	ANGA	1	1	0	0	1	0	0	0	1	424	0	1	0	0	0	0	0
setup	0	2023-07-12 23:00:00	ANGA	1	1	0	0	1	0	0	0	1	424	0	1	0	0	0	0	0
setup	0	2023-07-13 23:00:00	ANGA	1	1	0	0	1	0	0	0	1	424	0	1	0	0	0	0	0
setup	0	2023-07-14 23:00:00	ANGA	1	1	0	0	1	0	0	0	1	424	0	1	0	0	0	0	0
setup	0	2023-07-15 23:00:00	ANGA	1	1	0	0	1	0	0	0	1	424	0	1	0	0	0	0	0
setup	0	2023-07-16 23:00:00	ANGA	1	1	0	0	1	0	0	0	1	424	0	1	0	0	0	0	0
setup	0	2023-07-17 23:00:00	ANGA	1	1	0	0	1	0	0	0	1	424	0	1	0	0	0	0	0
setup	0	2023-07-18 23:00:00	ANGA	1	1	0	0	1	0	0	0	1	424	0	1	0	0	0	0	0
setup	0	2023-07-19 23:00:00	ANGA	1	1	0	0	1	0	0	0	1	424	0	1	0	0	0	0	0
setup	0	2023-07-20 23:00:00	ANGA	1	1	0	0	1	0	0	0	1	424	0	1	0	0	0	0	0
setup	0	2023-07-21 23:00:00	ANGA	1	1	0	0	1	0	0	0	1	424	0	1	0	0	0	0	0
setup	0	2023-07-22 23:00:00	ANGA	1	1	0	0	1	0	0	0	1	424	0	1	0	0	0	0	0
setup	0	2023-07-23 23:00:00	ANGA	1	1	0	0	1	0	0	0	1	424	0.00187006	1	0	0	0	0	0
setup	0	2023-07-24 23:00:00	ANGA	1	1	0	0	1	0	0	0	1	424	0.00236106	1	0	0	0	0	0
setup	0	2023-07-25 23:00:00	ANGA	1	1	0	0	1	0	0	0	1	424	0.00296724	1	0	0	0	0	0
setup	0	2023-07-26 23:00:00	ANGA	1	1	0	0	1	0	0	0	1	424	0.00371188	1	0	0	0	0	0
setup	0	2023-07-27 23:00:00	ANGA	1	1	0	0	1	0	0	0	1	424	0.004622	1	0	0	0	0	0
setup	0	2023-07-28 23:00:00	ANGA	1	1	0	0	1	0	0	0	1	424	0.00572877	1	0	0	0	0	0
setup	0	2023-07-29 23:00:00	ANGA	1	1	0	0	1	0	0	0	1	424	0.00706786	1	0	0	0	0	0
setup	0	2023-07-30 23:00:00	ANGA	1	1	0	0	1	0	0	0	1	424	0.00867979	1	0	0	0	0	0
setup	0	2023-07-31 23:00:00	ANGA	1	1	0	0	1	0	0	0	1	424	0.0106103	1	0	0	0	0	0
setup	0	2023-08-01 23:00:00	ANGA	1	1	0	0	1	0	0	0	1	424	0.0129103	1	0	0	0	0	0
setup	0	2023-08-02 23:00:00	ANGA	1	1	0	0	1	0	0	0	1	424	0.0156366	1	0	0	0	0	0
setup	0	2023-08-03 23:00:00	ANGA	1	1	0	0	1	0	0	0	1	424	0.0188515	1	0	0	0	0	0
setup	0	2023-08-04 23:00:00	ANGA	1	1	0	0	1	0	0	0	1	424	0.0226225	1	0	0	0	0	0
setup	0	2023-08-05 23:00:00	ANGA	1	1	0	0	1	0	0	0	1	424	0.027023	1	0	0	0	0	0
setup	0	2023-08-06 23:00:00	ANGA	1	1	0	0	1	0	0	0	1	424	0.0321307	1	0	0	0	0	0
setup	0	2023-08-07 23:00:00	ANGA	1	1	0	0	1	0	0	0	1	424	0.0380278	1	0	0	0	0	0
setup	0	2023-08-08 23:00:00	ANGA	1	1	0	0	1	0	0	0	1	424	0.0448	1	0	0	0	0	0
setup	0	2023-08-09 23:00:00	ANGA	1	1	0	0	1	0	0	0	1	424	0.0525351	1	0	0	0	0	0
setup	0	2023-08-10 23:00:00	ANGA	1	1	0	0	1	0	0	0	1	424	0.061322	1	0	0	0	0	0
setup	0	2023-08-11 23:00:00	ANGA	1	1	0	0	1	0	0	0	1	424	0.0712488	1	0	0	0	0	0
setup	0	2023-08-12 23:00:00	ANGA	1	1	0	0	1	0	0	0	1	424	0.0824014	1	0	0	0	0	0
setup	0	2023-08-13 23:00:00	ANGA	1	1	0	0	1	0	0	0	1	424	0.0948606	1	0	0	0	0	0
setup	0	2023-08-14 23:00:00	ANGA	1	1	0	0	1	0	0	0	1	424	0.108701	1	0	0	0	0	0
setup	0	2023-08-15 23:00:00	ANGA	1	1	0	0	1	0	0	0	1	424	0.123987	1	0	0	0	0	0
setup	0	2023-08-16 23:00:00	ANGA	1	1	0	0	1	0	0	0	1	424	0.14077	1	0	0	0	0	0
setup	0	2023-08-17 23:00:00	ANGA	1	1	0	0	1	0	0	0	1	424	0.15909	1	0	0	0	0	0
setup	0	2023-08-18 23:00:00	ANGA	1	1	0	0	1	0	0	0	1	424	0.178966	1	0	0	0	0	0
setup	0	2023-08-19 23:00:00	ANGA	1	1	0	0	1	0	0	0	1	424	0.200397	1	0	0	0	0	0
setup	0	2023-08-20 23:00:00	ANGA	1	1	0	0	1	0	0	0	1	424	0.223362	1	0	0	0	0	0
setup	0	2023-08-21 23:00:00	ANGA	1	1	0	0	1	0	0	0	1	424	0.247811	1	0	0	0	0	0
setup	0	2023-08-22 23:00:00	ANGA	1	1	0	0	1	0	0	0	1	424	0.27367	1	0	0	0	0	0
setup	0	2023-08-23 23:00:00	ANGA	1	1	0	0	1	0	0	0	1	424	0.300836	1	0	0	0	0	0
setup	0	2023-08-24 23:00:00	ANGA	1	1	0	0	1	0	0	0	1	424	0.329175	1	0	0	0	0	0
setup	0	2023-08-25 23:00:00	ANGA	1	1	0	0	1	0	0	0	1	424	0.358524	1	0	0	0	0	0
setup	0	2023-08-26 23:00:00	ANGA	1	1	0	0	1	0	0	0	1	424	0.388692	1	0	0	0	0	0
setup	0	2023-08-27 23:00:00	ANGA	1	1	0	0	1	0	0	0	1	424	0.419457	1	0	0	0	0	0
setup	0	2023-08-28 23:00:00	ANGA	1	1	0	0	1	0	0	0	1	424	0.450573	1	0	0	0	0	0
setup	0	2023-08-29 23:00:00	ANGA	1	1	0	0	1	0	0	0	1	424	0.481767	1	0	0	0	0	0
setup	0	2023-08-30 23:00:00	ANGA	1	1	0	0	1	0	0	0	1	424	0.512748	1	0	0	0	0	0
setup	0	2023-08-31 23:00:00	ANGA	1	1	0	0	1	0	0	0	1	424	0.534385	1	0	0	0	0	0
setup	0	2023-09-01 23:00:00	ANGA	1	1	0	0	1	0	0	0	1	424	0.546866	1	0	0	0	0	0
setup	0	2023-09-02 23:00:00	ANGA	1	1	0	0	1	0	0	0	1	424	0.56124	1	0	0	0	0	0
setup	0	2023-09-03 23:00:00	ANGA	1	1	0	0	1	0	0	0	1	424	0.576811	1	0	0	0	0	0
setup	0	2023-09-04 23:00:00	ANGA	1	1	0	0	1	0	0	0	1	424	0.593921	1	0	0	0	0	0
setup	0	2023-09-05 23:00:00	ANGA	1	1	0	0	1	0	0	0	1	424	0.61241	1	0	0	0	0	0
setup	0	2023-09-06 23:00:00	ANGA	1	1	0	0	1	0	0	0	1	424	0.632295	1	0	0	0	0	0
setup	0	2023-09-07 23:00:00	ANGA	1	1	0	0	1	0	0	0	1	424	0.65022	1	0	0	0	0	0
setup	0	2023-09-08 23:00:00	ANGA	1	1	0	0	1	0	0	0	1	424	0.665228	1	0	0	0	0	0
setup	0	2023-09-09 23:00:00	ANGA	1	1	0	0	1	0	0	0	1	424	0.677118	1	0	0	0	0	0
setup	0	2023-09-10 23:00:00	ANGA	1	1	0	0	1	0	0	0	1	424	0.68573	1	0	0	0	0	0
setup	0	2023-09-11 23:00:00	ANGA	1	1	0	0	1	0	0	0	1	424	0.690944	1	0	0	0	0	0
setup	0	2023-09-12 23:00:00	ANGA	1	1	0	0	1	0	0	0	1	424	0.692691	1	0	0	0	0	0
setup	0	2023-09-13 23:00:00	ANGA	1	1	0	0	1	0	0	0	1	424	0.692691	1	0	0	0	0	0
setup	0	2023-09-14 23:00:00	ANGA	1	1	0	0	1	0	0	0	1	424	0.692691	1	0	0	0	0	0
setup	0	2023-09-15 23:00:00	ANGA	1	1	0	0	1	0	0	0	1	424	0.692691	1	0	0	0	0	0
setup	0	2023-09-16 23:00:00	ANGA	1	1	0	0	1	0	0	0	1	424	0.692691	1	0	0	0	0	0
setup	0	2023-09-17 23:00:00	ANGA	1	1	0	0	1	0	0	0	1	424	0.692691	1	0	0	0	0	0
setup	0	2023-09-18 23:00:00	ANGA	1	1	0	0	1	0	0	0	1	424	0.692691	1	0	0	0	0	0
setup	0	2023-09-19 23:00:00	ANGA	1	1	0	0	1	0	0	0	1	424	0.692691	1	0	0	0	0	0
setup	0	2023-09-20 23:00:00	ANGA	1	1	0	0	1	0	0	0	1	424	0.692691	1	0	0	0	0	0
setup	0	2023-09-21 23:00:00	ANGA	1	1	0	0	1	0	0	0	1	424	0.692691	1	0	0	0	0	0
setup	0	2023-09-22 23:00:00	ANGA	1	1	0	0	1	0	0	0	1	424	0.692691	1	0	0	0	0	0
setup	0	2023-09-23 23:00:00	ANGA	1	1	0	0	1	0	0	0	1	424	0.692691	1	0	0	0	0	0
setup	0	2023-09-24 23:00:00	ANGA	1	1	0	0	1	0	0	0	1	424	0.692691	1	0	0	0	0	0
setup	0	2023-09-25 23:00:00	ANGA	1	1	0	0	1	0	0	0	1	424	0.692691	1	0	0	0	0	0
setup	0	2023-09-26 23:00:00	ANGA	1	1	0	0	1	0	0	0	1	424	0.692691	1	0	0	0	0	0
setup	0	2023-09-27 23:00:00	ANGA	1	1	0	0	1	0	0	0	1	424	0.692691	1	0	0	0	0	0
setup	0	2023-09-28 23:00:00	ANGA	1	1	0	0	1	0	0	0	1	424	0.692691	1	0	0	0	0	0
setup	0	2023-09-29 23:00:00	ANGA	1	1	0	0	1	0	0	0	1	424	0.692691	1	0	0	0	0	0
setup	0	2023-09-30 23:00:00	ANGA	1	1	0	0	1	0	0	0	1	424	0.692691	1	0	0	0	0	0
setup	0	2023-10-01 23:00:00	ANGA	1	1	0	0	1	0	0	0	1	424	0.692691	1	0	0	0	0	0
setup	0	2023-10-02 23:00:00	ANGA	1	1	0	0	1	0	0	0	1	424	0.692691	1	0	0	0	0	0
setup	0	2023-10-03 23:00:00	ANGA	1	1	0	0	1	0	0	0	1	424	0.692691	1	0	0	0	0	0
setup	0	2023-10-04 23:00:00	ANGA	1	1	0	0	1	0	0	0	1	424	0.692691	1	0	0	0	0	0
setup	0	2023-10-05 23:00:00	ANGA	1	1	0	0	1	0	0	0	1	424	0.692691	1	0	0	0	0	0
setup	0	2023-10-06 23:00:00	ANGA	1	1	0	0	1	0	0	0	1	424	0.692691	1	0	0	0	0	0
setup	0	2023-10-07 23:00:00	ANGA	1	1	0	0	1	0	0	0	1	424	0.692691	1	0	0	0	0	0
setup	0	2023-10-08 23:00:00	ANGA	1	1	0	0	1	0	0	0	1	424	0.692691	1	0	0	0	0	0
setup	0	2023-10-09 23:00:00	ANGA	1	1	0	0	1	0	0	0	1	424	0.692691	1	0	0	0	0	0
setup	0	2023-10-10 23:00:00	ANGA	1	1	0	0	1	0	0	0	1	424	0.692691	1	0	0	0	0	0
setup	0	2023-10-11 23:00:00	ANGA	1	1	0	0	1	0	0	0	1	424	0.692691	1	0	0	0	0	0
setup	0	2023-10-12 23:00:00	ANGA	1	1	0	0	1	0	0	0	1	424	0.692691	1	0	0	0	0	0
setup	0	2023-10-13 23:00:00	ANGA	1	1	0	0	1	0	0	0	1	424	0.692691	1	0	0	0	0	0
setup	0	2023-10-14 23:00:00	ANGA	1	1	0	0	1	0	0	0	1	424	0.692691	1	0	0	0	0	0
setup	0	2023-10-15 23:00:00	ANGA	1	1	0	0	1	0	0	0	1	424	0.692691	1	0	0	0	0	0
setup	0	2023-10-16 23:00:00	ANGA	1	1	0	0	1	0	0	0	1	424	0.692691	1	0	0	0	0	0
setup	0	2023-10-17 23:00:00	ANGA	1	1	0	0	1	0	0	0	1	424	0.692691	1	0	0	0	0	0
setup	0	2023-10-18 23:00:00	ANGA	1	1	0	0	1	0	0	0	1	424	0.692691	1	0	0	0	0	0
setup	0	2023-10-19 23:00:00	ANGA	1	1	0	0	1	0	0	0	1	424	0.692691	1	0	0	0	0	0
setup	0	2023-10-20 23:00:00	ANGA	1	1	0	0	1	0	0	0	1	424	0.692691	1	0	0	0	0	0
setup	0	2023-10-21 23:00:00	ANGA	1	1	0	0	1	0	0	0	1	424	0.692691	1	0	0	0	0	0
setup	0	2023-10-22 23:00:00	ANGA	1	1	0	0	1	0	0	0	1	424	0.692691	1	0	0	0	0	0
setup	0	2023-10-23 23:00:00	ANGA	1	1	0	0	1	0	0	0	1	424	0.692691	1	0	0	0	0	0
setup	0	2023-10-24 23:00:00	ANGA	1	1	0	0	1	0	0	0	1	424	0.692691	1	0	0	0	0	0
setup	0	2023-10-25 23:00:00	ANGA	1	1	0	0	1	0	0	0	1	424	0.692691	1	0	0	0	0	0
setup	0	2023-10-26 23:00:00	ANGA	1	1	0	0	1	0	0	0	1	424	0.692691	1	0	0	0	0	0
setup	0	2023-10-27 23:00:00	ANGA	1	1	0	0	1	0	0	0	1	424	0.692691	1	0	0	0	0	0
setup	0	2023-10-28 23:00:00	ANGA	1	1	0	0	1	0	0	0	1	424	0.692691	1	0	0	0	0	0
setup	0	2023-10-29 23:00:00	ANGA	1	1	0	0	1	0	0	0	1	424	0.692691	1	0	0	0	0	0
setup	0	2023-10-30 23:00:00	ANGA	1	1	0	0	1	0	0	0	1	424	0.692691	1	0	0	0	0	0
setup	0	2023-10-31 23:00:00	ANGA	1	1	0	0	1	0	0	0	1	424	0.692691	1	0	0	0	0	0
setup	0	2023-11-01 23:00:00	ANGA	1	1	0	0	1	0	0	0	1	424	0.692691	1	0	0	0	0	0
setup	0	2023-11-02 23:00:00	ANGA	1	1	0	0	1	0	0	0	1	424	0.692691	1	0	0	0	0	0
setup	0	2023-11-03 23:00:00	ANGA	1	1	0	0	1	0	0	0	1	424	0.692691	1	0	0	0	0	0
setup	0	2023-11-04 23:00:00	ANGA	1	1	0	0	1	0	0	0	1	424	0.692691	1	0	0	0	0	0
setup	0	2023-11-05 23:00:00	ANGA	1	1	0	0	1	0	0	0	1	424	0.692691	1	0	0	0	0	0
setup	0	2023-11-06 23:00:00	ANGA	1	1	0	0	1	0	0	0	1	424	0.692691	1	0	0	0	0	0
setup	0	2023-11-07 23:00:00	ANGA	1	1	0	0	1	0	0	0	1	424	0.692691	1	0	0	0	0	0
setup	0	2023-11-08 23:00:00	ANGA	1	1	0	0	1	0	0	0	1	424	0.692691	1	0	0	0	0	0
setup	0	2023-11-09 23:00:00	ANGA	1	1	0	0	1	0	0	0	1	424	0.692691	1	0	0	0	0	0
setup	0	2023-11-10 23:00:00	ANGA	1	1	0	0	1	0	0	0	1	424	0.692691	1	0	0	0	0	0
setup	0	2023-11-11 23:00:00	ANGA	1	1	0	0	1	0	0	0	1	424	0.692691	1	0	0	0	0	0
setup	0	2023-11-12 23:00:00	ANGA	1	1	0	0	1	0	0	0	1	424	0.692691	1	0	0	0	0	0
setup	0	2023-11-13 23:00:00	ANGA	1	1	0	0	1	0	0	0	1	424	0.692691	1	0	0	0	0	0
setup	0	2023-11-14 23:00:00	ANGA	1	1	0	0	1	0	0	0	1	424	0.692691	1	0	0	0	0	0
setup	0	2023-11-15 23:00:00	ANGA	1	1	0	0	1	0	0	0	1	424	0.692691	1	0	0	0	0	0
setup	0	2023-11-16 23:00:00	ANGA	1	1	0	0	1	0	0	0	1	424	0.692691	1	0	0	0	0	0
setup	0	2023-11-17 23:00:00	ANGA	1	1	0	0	1	0	0	0	1	424	0.692691	1	0	0	0	0	0
setup	0	2023-11-18 23:00:00	ANGA	1	1	0	0	1	0	0	0	1	424	0.692691	1	0	0	0	0	0
setup	0	2023-11-19 23:00:00	ANGA	1	1	0	0	1	0	0	0	1	424	0.692691	1	0	0	0	0	0
setup	0	2023-11-20 23:00:00	ANGA	1	1	0	0	1	0	0	0	1	424	0.692691	1	0	0	0	0	0
setup	0	2023-11-21 23:00:00	ANGA	1	1	0	0	1	0	0	0	1	424	0.692691	1	0	0	0	0	0
setup	0	2023-11-22 23:00:00	ANGA	1	1	0	0	1	0	0	0	1	424	0.692691	1	0	0	0	0	0
setup	0	2023-11-23 23:00:00	ANGA	1	1	0	0	1	0	0	0	1	424	0.692691	1	0	0	0	0	0
setup	0	2023-11-24 23:00:00	ANGA	1	1	0	0	1	0	0	0	1	424	0.692691	1	0	0	0	0	0
setup	0	2023-11-25 23:00:00	ANGA	1	1	0	0	1	0	0	0	1	424	0.692691	1	0	0	0	0	0
setup	0	2023-11-26 23:00:00	ANGA	1	1	0	0	1	0	0	0	1	424	0.692691	1	0	0	0	0	0
setup	0	2023-11-27 23:00:00	ANGA	1	1	0	0	1	0	0	0	1	424	0.692691	1	0	0	0	0	0
setup	0	2023-11-28 23:00:00	ANGA	1	1	0	0	1	0	0	0	1	424	0.692691	1	0	0	0	0	0
setup	0	2023-11-29 23:00:00	ANGA	1	1	0	0	1	0	0	0	1	424	0.692691	1	0	0	0	0	0
setup	0	2023-11-30 23:00:00	ANGA	1	1	0	0	1	0	0	0	1	424	0.692691	1	0	0	0	0	0
setup	0	2023-12-01 23:00:00	ANGA	1	1	0	0	1	0	0	0	1	424	0.692691	1	0	0	0	0	0
setup	0	2023-12-02 23:00:00	ANGA	1	1	0	0	1	0	0	0	1	424	0.692691	1	0	0	0	0	0
setup	0	2023-12-03 23:00:00	ANGA	1	1	0	0	1	0	0	0	1	424	0.692691	1	0	0	0	0	0
setup	0	2023-12-04 23:00:00	ANGA	1	1	0	0	1	0	0	0	1	424	0.692691	1	0	0	0	0	0
setup	0	2023-12-05 23:00:00	ANGA	1	1	0	0	1	0	0	0	1	424	0.692691	1	0	0	0	0	0
setup	0	2023-12-06 23:00:00	ANGA	1	1	0	0	1	0	0	0	1	424	0.692691	1	0	0	0	0	0
setup	0	2023-12-07 23:00:00	ANGA	1	1	0	0	1	0	0	0	1	424	0.692691	1	0	0	0	0	0
setup	0	2023-12-08 23:00:00	ANGA	1	1	0	0	1	0	0	0	1	424	0.692691	1	0	0	0	0	0
setup	0	2023-12-09 23:00:00	ANGA	1	1	0	0	1	0	0	0	1	424	0.692691	1	0	0	0	0	0
setup	0	2023-12-10 23:00:00	ANGA	1	1	0	0	1	0	0	0	1	424	0.692691	1	0	0	0	0	0
setup	0	2023-12-11 23:00:00	ANGA	1	1	0	0	1	0	0	0	1	424	0.692691	1	0	0	0	0	0
setup	0	2023-12-12 23:00:00	ANGA	1	1	0	0	1	0	0	0	1	424	0.692691	1	0	0	0	0	0
setup	0	2023-12-13 23:00:00	ANGA	1	1	0	0	1	0	0	0	1	424	0.692691	1	0	0	0	0	0
setup	0	2023-12-14 23:00:00	ANGA	1	1	0	0	1	0	0	0	1	424	0.692691	1	0	0	0	0	0
setup	0	2023-12-15 23:00:00	ANGA	1	1	0	0	1	0	0	0	1	424	0.692691	1	0	0	0	0	0
setup	0	2023-12-16 23:00:00	ANGA	1	1	0	0	1	0	0	0	1	424	0.692691	1	0	0	0	0	0
setup	0	2023-12-17 23:00:00	ANGA	1	1	0	0	1	0	0	0	1	424	0.692691	1	0	0	0	0	0
setup	0	2023-12-18 23:00:00	ANGA	1	1	0	0	1	0	0	0	1	424	0.692691	1	0	0	0	0	0
setup	0	2023-12-19 23:00:00	ANGA	1	1	0	0	1	0	0	0	1	424	0.692691	1	0	0	0	0	0
setup	0	2023-12-20 23:00:00	ANGA	1	1	0	0	1	0	0	0	1	424	0.692691	1	0	0	0	0	0
setup	0	2023-12-21 23:00:00	ANGA	1	1	0	0	1	0	0	0	1	424	0.692691	1	0	0	0	0	0
setup	0	2023-12-22 23:00:00	ANGA	1	1	0	0	1	0	0	0	1	424	0.692691	1	0	0	0	0	0
setup	0	2023-12-23 23:00:00	ANGA	1	1	0	0	1	0	0	0	1	424	0.692691	1	0	0	0	0	0
setup	0	2023-12-24 23:00:00	ANGA	1	1	0	0	1	0	0	0	1	424	0.692691	1	0	0	0	0	0
setup	0	2023-12-25 23:00:00	ANGA	1	1	0	0	1	0	0	0	1	424	0.692691	1	0	0	0	0	0
setup	0	2023-12-26 23:00:00	ANGA	1	1	0	0	1	0	0	0	1	424	0.692691	1	0	0	0	0	0
setup	0	2023-12-27 23:00:00	ANGA	1	1	0	0	1	0	0	0	1	424	0.692691	1	0	0	0	0	0
setup	0	2023-12-28 23:00:00	ANGA	1	1	0	0	1	0	0	0	1	424	0.692691	1	0	0	0	0	0
setup	0	2023-12-29 23:00:00	ANGA	1	1	0	0	1	0	0	0	1	424	0.692691	1	0	0	0	0	0
setup	0	2023-12-30 23:00:00	ANGA	1	1	0	0	1	0	0	0	1	424	0.692691	1	0	0	0	0	0
setup	0	2023-12-31 23:00:00	ANGA	1	1	0	0	1	0	0	0	1	424	0.692691	1	0	0	0	0	0
setup	0	2024-01-01 23:00:00	ANGA	1	1	0	0	1	0	0	0	1	424	0.692691	1	0	0	0	0	0
setup	0	2024-01-02 23:00:00	ANGA	1	1	0	0	1	0	0	0	1	424	0.692691	1	0	0	0	0	0
setup	0	2024-01-03 23:00:00	ANGA	1	1	0	0	1	0	0	0	1	424	0.692691	1	0	0	0	0	0
setup	0	2024-01-04 23:00:00	ANGA	1	1	0	0	1	0	0	0	1	424	0.692691	1	0	0	0	0	0
setup	0	2024-01-05 23:00:00	ANGA	1	1	0	0	1	0	0	0	1	424	0.692691	1	0	0	0	0	0
setup	0	2024-01-06 23:00:00	ANGA	1	1	0	0	1	0	0	0	1	424	0.692691	1	0	0	0	0	0
setup	0	2024-01-07 23:00:00	ANGA	1	1	0	0	1	0	0	0	1	424	0.692691	1	0	0	0	0	0
setup	0	2024-01-08 23:00:00	ANGA	1	1	0	0	1	0	0	0	1	424	0.692691	1	0	0	0	0	0
setup	0	2024-01-09 23:00:00	ANGA	1	1	0	0	1	0	0	0	1	424	0.692691	1	0	0	0	0	0
setup	0	2024-01-10 23:00:00	ANGA	1	1	0	0	1	0	0	0	1	424	0.692691	1	0	0	0	0	0
setup	0	2024-01-11 23:00:00	ANGA	1	1	0	0	1	0	0	0	1	424	0.692691	1	0	0	0	0	0
setup	0	2024-01-12 23:00:00	ANGA	1	1	0	0	1	0	0	0	1	424	0.692691	1	0	0	0	0	0
setup	0	2024-01-13 23:00:00	ANGA	1	1	0	0	1	0	0	0	1	424	0.692691	1	0	0	0	0	0
setup	0	2024-01-14 23:00:00	ANGA	1	1	0	0	1	0	0	0	1	424	0.692691	1	0	0	0	0	0
setup	0	2024-01-15 23:00:00	ANGA	1	1	0	0	1	0	0	0	1	424	0.692691	1	0	0	0	0	0
setup	0	2024-01-16 23:00:00	ANGA	1	1	0	0	1	0	0	0	1	424	0.692691	1	0	0	0	0	0
setup	0	2024-01-17 23:00:00	ANGA	1	1	0	0	1	0	0	0	1	424	0.692691	1	0	0	0	0	0
setup	0	2024-01-18 23:00:00	ANGA	1	1	0	0	1	0	0	0	1	424	0.692691	1	0	0	0	0	0
setup	0	2024-01-19 23:00:00	ANGA	1	1	0	0	1	0	0	0	1	424	0.692691	1	0	0	0	0	0
setup	0	2024-01-20 23:00:00	ANGA	1	1	0	0	1	0	0	0	1	424	0.692691	1	0	0	0	0	0
setup	0	2024-01-21 23:00:00	ANGA	1	1	0	0	1	0	0	0	1	424	0.692691	1	0	0	0	0	0
setup	0	2024-01-22 23:00:00	ANGA	1	1	0	0	1	0	0	0	1	424	0.692691	1	0	0	0	0	0
setup	0	2024-01-23 23:00:00	ANGA	1	1	0	0	1	0	0	0	1	424	0.692691	1	0	0	0	0	0
setup	0	2024-01-24 23:00:00	ANGA	1	1	0	0	1	0	0	0	1	424	0.692691	1	0	0	0	0	0
setup	0	2024-01-25 23:00:00	ANGA	1	1	0	0	1	0	0	0	1	424	0.692691	1	0	0	0	0	0
setup	0	2024-01-26 23:00:00	ANGA	1	1	0	0	1	0	0	0	1	424	0.692691	1	0	0	0	0	0
setup	0	2024-01-27 23:00:00	ANGA	1	1	0	0	1	0	0	0	1	424	0.692691	1	0	0	0	0	0
setup	0	2024-01-28 23:00:00	ANGA	1	1	0	0	1	0	0	0	1	424	0.692691	1	0	0	0	0	0
setup	0	2024-01-29 23:00:00	ANGA	1	1	0	0	1	0	0	0	1	424	0.692691	1	0	0	0	0	0
setup	0	2024-01-30 23:00:00	ANGA	1	1	0	0	1	0	0	0	1	424	0.692691	1	0	0	0	0	0
setup	0	2024-01-31 23:00:00	ANGA	1	1	0	0	1	0	0	0	1	424	0.692691	1	0	0	0	0	0
setup	0	2024-02-01 23:00:00	ANGA	1	1	0	0	1	0	0	0	1	424	0.692691	1	0	0	0	0	0
setup	0	2024-02-02 23:00:00	ANGA	1	1	0	0	1	0	0	0	1	424	0.692691	1	0	0	0	0	0
setup	0	2024-02-03 23:00:00	ANGA	1	1	0	0	1	0	0	0	1	424	0.692691	1	0	0	0	0	0
setup	0	2024-02-04 23:00:00	ANGA	1	1	0	0	1	0	0	0	1	424	0.692691	1	0	0	0	0	0
setup	0	2024-02-05 23:00:00	ANGA	1	1	0	0	1	0	0	0	1	424	0.692691	1	0	0	0	0	0
setup	0	2024-02-06 23:00:00	ANGA	1	1	0	0	1	0	0	0	1	424	0.692691	1	0	0	0	0	0
setup	0	2024-02-07 23:00:00	ANGA	1	1	0	0	1	0	0	0	1	424	0.692691	1	0	0	0	0	0
setup	0	2024-02-08 23:00:00	ANGA	1	1	0	0	1	0	0	0	1	424	0.692691	1	0	0	0	0	0
setup	0	2024-02-09 23:00:00	ANGA	1	1	0	0	1	0	0	0	1	424	0.692691	1	0	0	0	0	0
setup	0	2024-02-10 23:00:00	ANGA	1	1	0	0	1	0	0	0	1	424	0.692691	1	0	0	0	0	0
setup	0	2024-02-11 23:00:00	ANGA	1	1	0	0	1	0	0	0	1	424	0.692691	1	0	0	0	0	0
setup	0	2024-02-12 23:00:00	ANGA	1	1	0	0	1	0	0	0	1	424	0.692691	1	0	0	0	0	0
setup	0	2024-02-13 23:00:00	ANGA	1	1	0	0	1	0	0	0	1	424	0.692691	1	0	0	0	0	0
setup	0	2024-02-14 23:00:00	ANGA	1	1	0	0	1	0	0	0	1	424	0.692691	1	0	0	0	0	0
setup	0	2024-02-15 23:00:00	ANGA	1	1	0	0	1	0	0	0	1	424	0.692691	1	0	0	0	0	0
setup	0	2024-02-16 23:00:00	ANGA	1	1	0	0	1	0	0	0	1	424	0.692691	1	0	0	0	0	0
setup	0	2024-02-17 23:00:00	ANGA	1	1	0	0	1	0	0	0	1	424	0.692691	1	0	0	0	0	0
setup	0	2024-02-18 23:00:00	ANGA	1	1	0	0	1	0	0	0	1	424	0.692691	1	0	0	0	0	0
setup	0	2024-02-19 23:00:00	ANGA	1	1	0	0	1	0	0	0	1	424	0.692691	1	0	0	0	0	0
setup	0	2024-02-20 23:00:00	ANGA	1	1	0	0	1	0	0	0	1	424	0.692691	1	0	0	0	0	0
setup	0	2024-02-21 23:00:00	ANGA	1	1	0	0	1	0	0	0	1	424	0.692691	1	0	0	0	0	0
setup	0	2024-02-22 23:00:00	ANGA	1	1	0	0	1	0	0	0	1	424	0.692691	1	0	0	0	0	0
setup	0	2024-02-23 23:00:00	ANGA	1	1	0	0	1	0	0	0	1	424	0.692691	1	0	0	0	0	0
setup	0	2024-02-24 23:00:00	ANGA	1	1	0	0	1	0	0	0	1	424	0.692691	1	0	0	0	0	0
setup	0	2024-02-25 23:00:00	ANGA	1	1	0	0	1	0	0	0	1	424	0.692691	1	0	0	0	0	0
setup	0	2024-02-26 23:00:00	ANGA	1	1	0	0	1	0	0	0	1	424	0.692691	1	0	0	0	0	0
setup	0	2024-02-27 23:00:00	ANGA	1	1	0	0	1	0	0	0	1	424	0.692691	1	0	0	0	0	0
setup	0	2024-02-28 23:00:00	ANGA	1	1	0	0	1	0	0	0	1	424	0.692691	1	0	0	0	0	0
setup	0	2024-02-29 23:00:00	ANGA	1	1	0	0	1	0	0	0	1	424	0.692691	1	0	0	0	0	0
setup	0	2024-03-01 23:00:00	ANGA	1	1	0	0	1	0	0	0	1	424	0.692691	1	0	0	0	0	0
setup	0	2024-03-02 23:00:00	ANGA	1	1	0	0	1	0	0	0	1	424	0.692691	1	0	0	0	0	0
setup	0	2024-03-03 23:00:00	ANGA	1	1	0	0	1	0	0	0	1	424	0.692691	1	0	0	0	0	0
setup	0	2024-03-04 23:00:00	ANGA	1	1	0	0	1	0	0	0	1	424	0.692691	1	0	0	0	0	0
setup	0	2024-03-05 23:00:00	ANGA	1	1	0	0	1	0	0	0	1	424	0.692691	1	0	0	0	0	0
setup	0	2024-03-06 23:00:00	ANGA	1	1	0	0	1	0	0	0	1	424	0.692691	1	0	0	0	0	0
setup	0	2024-03-07 23:00:00	ANGA	1	1	0	0	1	0	0	0	1	424	0.692691	1	0	0	0	0	0
setup	0	2024-03-08 23:00:00	ANGA	1	1	0	0	1	0	0	0	1	424	0.692691	1	0	0	0	0	0
setup	0	2024-03-09 23:00:00	ANGA	1	1	0	0	1	0	0	0	1	424	0.692691	1	0	0	0	0	0
setup	0	2024-03-10 23:00:00	ANGA	1	1	0	0	1	0	0	0	1	424	0.692691	1	0	0	0	0	0
setup	0	2024-03-11 23:00:00	ANGA	1	1	0	0	1	0	0	0	1	424	0.692691	1	0	0	0	0	0
setup	0	2024-03-12 23:00:00	ANGA	1	1	0	0	1	0	0	0	1	424	0.692691	1	0	0	0	0	0
setup	0	2024-03-13 23:00:00	ANGA	1	1	0	0	1	0	0	0	1	424	0.692691	1	0	0	0	0	0
setup	0	2024-03-14 23:00:00	ANGA	1	1	0	0	1	0	0	0	1	424	0.692691	1	0	0	0	0	0
setup	0	2024-03-15 23:00:00	ANGA	1	1	0	0	1	0	0	0	1	424	0.692691	1	0	0	0	0	0
setup	0	2024-03-16 23:00:00	ANGA	1	1	0	0	1	0	0	0	1	424	0.692691	1	0	0	0	0	0
setup	0	2024-03-17 23:00:00	ANGA	1	1	0	0	1	0	0	0	1	424	0.692691	1	0	0	0	0	0
setup	0	2024-03-18 23:00:00	ANGA	1	1	0	0	1	0	0	0	1	424	0.692691	1	0	0	0	0	0
setup	0	2024-03-19 23:00:00	ANGA	1	1	0	0	1	0	0	0	1	424	0.692691	1	0	0	0	0	0
setup	0	2024-03-20 23:00:00	ANGA	1	1	0	0	1	0	0	0	1	424	0.692691	1	0	0	0	0	0
setup	0	2024-03-21 23:00:00	ANGA	1	1	0	0	1	0	0	0	1	424	0.692691	1	0	0	0	0	0
setup	0	2024-03-22 23:00:00	ANGA	1	1	0	0	1	0	0	0	1	424	0.692691	1	0	0	0	0	0
setup	0	2024-03-23 23:00:00	ANGA	1	1	0	0	1	0	0	0	1	424	0.692691	1	0	0	0	0	0
setup	0	2024-03-24 23:00:00	ANGA	1	1	0	0	1	0	0	0	1	424	0.692691	1	0	0	0	0	0
setup	0	2024-03-25 23:00:00	ANGA	1	1	0	0	1	0	0	0	1	424	0.692691	1	0	0	0	0	0
setup	0	2024-03-26 23:00:00	ANGA	1	1	0	0	1	0	0	0	1	424	0.692691	1	0	0	0	0	0
setup	0	2024-03-27 23:00:00	ANGA	1	1	0	0	1	0	0	0	1	424	0.692691	1	0	0	0	0	0
setup	0	2024-03-28 23:00:00	ANGA	1	1	0	0	1	0	0	0	1	424	0.692691	1	0	0	0	0	0
setup	0	2024-03-29 23:00:00	ANGA	1	1	0	0	1	0	0	0	1	424	0.692691	1	0	0	0	0	0
setup	0	2024-03-30 23:00:00	ANGA	1	1	0	0	1	0	0	0	1	424	0.692691	1	0	0	0	0	0
setup	0	2024-03-31 23:00:00	ANGA	1	1	0	0	1	0	0	0	1	424	0.692691	1	0	0	0	0	0
setup	0	2024-04-01 23:00:00	ANGA	1	1	0	0	1	0	0	0	1	424	0.692691	1	0	0	0	0	0
setup	0	2024-04-02 23:00:00	ANGA	1	1	0	0	1	0	0	0	1	424	0.692691	1	0	0	0	0	0
setup	0	2024-04-03 23:00:00	ANGA	1	1	0	0	1	0	0	0	1	424	0.692691	1	0	0	0	0	0
setup	0	2024-04-04 23:00:00	ANGA	1	1	0	0	1	0	0	0	1	424	0.692691	1	0	0	0	0	0
setup	0	2024-04-05 23:00:00	ANGA	1	1	0	0	1	0	0	0	1	424	0.692691	1	0	0	0	0	0
setup	0	2024-04-06 23:00:00	ANGA	1	1	0	0	1	0	0	0	1	424	0.692691	1	0	0	0	0	0
setup	0	2024-04-07 23:00:00	ANGA	1	1	0	0	1	0	0	0	1	424	0.692691	1	0	0	0	0	0
setup	0	2024-04-08 23:00:00	ANGA	1	1	0	0	1	0	0	0	1	424	0.692691	1	0	0	0	0	0
setup	0	2024-04-09 23:00:00	ANGA	1	1	0	0	1	0	0	0	1	424	0.692691	1	0	0	0	0	0
setup	0	2024-04-10 23:00:00	ANGA	1	1	0	0	1	0	0	0	1	424	0.692691	1	0	0	0	0	0
setup	0	2024-04-11 23:00:00	ANGA	1	1	0	0	1	0	0	0	1	424	0.692691	1	0	0	0	0	0
setup	0	2024-04-12 23:00:00	ANGA	1	1	0	0	1	0	0	0	1	424	0.692691	1	0	0	0	0	0
setup	0	2024-04-13 23:00:00	ANGA	1	1	0	0	1	0	0	0	1	424	0.692691	1	0	0	0	0	0
setup	0	2024-04-14 23:00:00	ANGA	1	1	0	0	1	0	0	0	1	424	0.692691	1	0	0	0	0	0
setup	0	2024-04-15 23:00:00	ANGA	1	1	0	0	1	0	0	0	1	424	0.692691	1	0	0	0	0	0
setup	0	2024-04-16 23:00:00	ANGA	1	1	0	0	1	0	0	0	1	424	0.692305	1	0	0	0	0	0
setup	0	2024-04-17 23:00:00	ANGA	1	1	0	0	1	0	0	0	1	424	0.691859	1	0	0	0	0	0
setup	0	2024-04-18 23:00:00	ANGA	1	1	0	0	1	0	0	0	1	424	0.691342	1	0	0	0	0	0
setup	0	2024-04-19 23:00:00	ANGA	1	1	0	0	1	0	0	0	1	424	0.690746	1	0	0	0	0	0
setup	0	2024-04-20 23:00:00	ANGA	1	1	0	0	1	0	0	0	1	424	0.69006	1	0	0	0	0	0
setup	0	2024-04-21 23:00:00	ANGA	1	1	0	0	1	0	0	0	1	424	0.689273	1	0	0	0	0	0
setup	0	2024-04-22 23:00:00	ANGA	1	1	0	0	1	0	0	0	1	424	0.688372	1	0	0	0	0	0
setup	0	2024-04-23 23:00:00	ANGA	1	1	0	0	1	0	0	0	1	424	0.687344	1	0	0	0	0	0
setup	0	2024-04-24 23:00:00	ANGA	1	1	0	0	1	0	0	0	1	424	0.686173	1	0	0	0	0	0
setup	0	2024-04-25 23:00:00	ANGA	1	1	0	0	1	0	0	0	1	424	0.684843	1	0	0	0	0	0
setup	0	2024-04-26 23:00:00	ANGA	1	1	0	0	1	0	0	0	1	424	0.683337	1	0	0	0	0	0
setup	0	2024-04-27 23:00:00	ANGA	1	1	0	0	1	0	0	0	1	424	0.681635	1	0	0	0	0	0
setup	0	2024-04-28 23:00:00	ANGA	1	1	0	0	1	0	0	0	1	424	0.679717	1	0	0	0	0	0
setup	0	2024-04-29 23:00:00	ANGA	1	1	0	0	1	0	0	0	1	424	0.677562	1	0	0	0	0	0
setup	0	2024-04-30 23:00:00	ANGA	1	1	0	0	1	0	0	0	1	424	0.675147	1	0	0	0	0	0
setup	0	2024-05-01 23:00:00	ANGA	1	1	0	0	1	0	0	0	1	424	0.672447	1	0	0	0	0	0
setup	0	2024-05-02 23:00:00	ANGA	1	1	0	0	1	0	0	0	1	424	0.669437	1	0	0	0	0	0
setup	0	2024-05-03 23:00:00	ANGA	1	1	0	0	1	0	0	0	1	424	0.666091	1	0	0	0	0	0
setup	0	2024-05-04 23:00:00	ANGA	1	1	0	0	1	0	0	0	1	424	0.662381	1	0	0	0	0	0
setup	0	2024-05-05 23:00:00	ANGA	1	1	0	0	1	0	0	0	1	424	0.658279	1	0	0	0	0	0
setup	0	2024-05-06 23:00:00	ANGA	1	1	0	0	1	0	0	0	1	424	0.653756	1	0	0	0	0	0
setup	0	2024-05-07 23:00:00	ANGA	1	1	0	0	1	0	0	0	1	424	0.648782	1	0	0	0	0	0
setup	0	2024-05-08 23:00:00	ANGA	1	1	0	0	1	0	0	0	1	424	0.643328	1	0	0	0	0	0
setup	0	2024-05-09 23:00:00	ANGA	1	1	0	0	1	0	0	0	1	424	0.637363	1	0	0	0	0	0
setup	0	2024-05-10 23:00:00	ANGA	1	1	0	0	1	0	0	0	1	424	0.630859	1	0	0	0	0	0
setup	0	2024-05-11 23:00:00	ANGA	1	1	0	0	1	0	0	0	1	424	0.623787	1	0	0	0	0	0
